       1        1   1.00000000E+00
       2        1   5.00000000E-01
       2        2   1.00000000E+00
       3        1   7.50000000E-01
       3        2   7.50000000E-01
       3        3   1.25000000E+00
       4        1   2.50000000E-01
       4        2   5.00000000E-01
       4        3   3.75000000E-01
       4        4   1.00000000E+00
       5        1   5.00000000E-01
       5        2   6.25000000E-01
       5        3   8.12500000E-01
       5        4   6.87500000E-01
       5        5   1.18750000E+00
       6        1   6.25000000E-01
       6        2   6.87500000E-01
       6        3   1.03125000E+00
       6        4   5.31250000E-01
       6        5   1.00000000E+00
       6        6   1.40625000E+00
