DIAGNOSTIC DUMP FOR TARGET: YY2552963
sire_idx=4933  dam_idx=5742
dot(anc_s,anc_d)=    8.89034047722816467285E-02
ancestor list (index, anc_id, val_s):
       1     4933     1.00000000000000000000E+00
       2     4572     5.00000000000000000000E-01
       3     3971     5.00000000000000000000E-01
       4     3396     2.50000000000000000000E-01
       5     3579     2.50000000000000000000E-01
       6     3354     1.25000000000000000000E-01
       7     3164     1.25000000000000000000E-01
       8     2904     6.25000000000000000000E-02
       9     2859     6.25000000000000000000E-02
      10     2669     3.12500000000000000000E-02
      11     2552     3.12500000000000000000E-02
      12     2214     1.56250000000000000000E-02
      13     2235     1.56250000000000000000E-02
      14     2125     7.81250000000000000000E-03
      15     2160     7.81250000000000000000E-03
      16     1832     3.90625000000000000000E-03
      17     2016     3.90625000000000000000E-03
      18     1725     1.95312500000000000000E-03
      19     1732     1.95312500000000000000E-03
      20     1370     1.85546875000000000000E-02
      21     1633     9.76562500000000000000E-04
      22     1452     4.88281250000000000000E-04
      23     1374     4.88281250000000000000E-04
      24     1224     1.34277343750000000000E-02
      25     1256     9.27734375000000000000E-03
      26     1120     5.12695312500000000000E-03
      27     1066     4.63867187500000000000E-03
      28     1106     6.71386718750000000000E-03
      29     1127     6.71386718750000000000E-03
      30     1396     2.09960937500000000000E-02
      31     1443     4.39453125000000000000E-03
      32     1178     2.19726562500000000000E-03
      33     1183     2.19726562500000000000E-03
      34     1064     3.55224609375000000000E-02
      35     1153     1.04980468750000000000E-02
      36     1135     5.24902343750000000000E-03
      37     1088     7.69042968750000000000E-03
      38     1044     1.77612304687500000000E-02
      39     1018     1.77612304687500000000E-02
      40     1563     1.95312500000000000000E-03
      41     1590     1.95312500000000000000E-03
      42     1280     9.76562500000000000000E-04
      43     1459     9.76562500000000000000E-04
      44     1399     1.02539062500000000000E-02
      45     1381     9.76562500000000000000E-04
      46     1227     2.05078125000000000000E-02
      47     1154     5.61523437500000000000E-03
      48     1117     1.02539062500000000000E-02
      49     1136     1.02539062500000000000E-02
      50     1981     1.17187500000000000000E-02
      51     1908     3.90625000000000000000E-03
      52     1654     2.05078125000000000000E-02
      53     1743     1.95312500000000000000E-03
      54     1290     3.41796875000000000000E-03
      55     1300     6.83593750000000000000E-03
      56     1141     9.27734375000000000000E-03
      57     1254     3.41796875000000000000E-03
      58     1208     4.63867187500000000000E-03
      59     1211     1.70898437500000000000E-03
      60     1289     1.75781250000000000000E-02
      61     1350     1.02539062500000000000E-02
      62     1213     5.12695312500000000000E-03
      63     1272     7.32421875000000000000E-03
      64     1080     6.59179687500000000000E-03
      65     1103     3.66210937500000000000E-03
      66     1010     4.02832031250000000000E-03
      67     1001     3.29589843750000000000E-03
      68     1143     8.78906250000000000000E-03
      69     1116     1.17187500000000000000E-02
      70     1069     4.39453125000000000000E-03
      71     1605     1.75781250000000000000E-02
      72     1825     5.85937500000000000000E-03
      73     1461     2.00195312500000000000E-02
      74     1534     2.92968750000000000000E-03
      75     1306     1.46484375000000000000E-03
      76     1376     1.46484375000000000000E-03
      77     1218     7.32421875000000000000E-04
      78     1266     7.32421875000000000000E-04
      79     1181     7.32421875000000000000E-04
      80     1180     1.00097656250000000000E-02
      81     1082     9.88769531250000000000E-03
      82     1098     5.00488281250000000000E-03
      83     1307     8.78906250000000000000E-03
      84     1326     1.17187500000000000000E-02
      85     1209     3.14941406250000000000E-02
      86     1219     5.85937500000000000000E-03
      87     1055     1.57470703125000000000E-02
      88     1146     4.39453125000000000000E-03
      89     1147     4.39453125000000000000E-03
      90     2071     7.81250000000000000000E-03
      91     2142     7.81250000000000000000E-03
      92     1278     3.90625000000000000000E-03
      93     1145     1.95312500000000000000E-03
      94     1105     9.76562500000000000000E-04
      95     1063     9.76562500000000000000E-04
      96     1648     1.95312500000000000000E-02
      97     1966     3.90625000000000000000E-03
      98     1314     7.32421875000000000000E-03
      99     1747     1.95312500000000000000E-03
     100     1509     9.76562500000000000000E-04
     101     1622     9.76562500000000000000E-04
     102     1242     3.66210937500000000000E-03
     103     1149     3.66210937500000000000E-03
     104     1440     9.76562500000000000000E-03
     105     1185     4.88281250000000000000E-03
     106     2356     1.56250000000000000000E-02
     107     2292     4.68750000000000000000E-02
     108     2145     2.34375000000000000000E-02
     109     2047     2.34375000000000000000E-02
     110     2026     1.75781250000000000000E-02
     111     1983     1.17187500000000000000E-02
     112     1663     5.85937500000000000000E-03
     113     1833     5.85937500000000000000E-03
     114     1336     4.39453125000000000000E-03
     115     1520     3.90625000000000000000E-03
     116     1243     2.19726562500000000000E-03
     117     1807     8.78906250000000000000E-03
     118     1583     1.07421875000000000000E-02
     119     1427     5.37109375000000000000E-03
     120     1598     4.39453125000000000000E-03
     121     1990     1.17187500000000000000E-02
     122     1994     1.17187500000000000000E-02
     123     1423     8.30078125000000000000E-03
     124     1804     7.81250000000000000000E-03
     125     1628     3.90625000000000000000E-03
     126     1166     7.32421875000000000000E-03
     127     1230     4.15039062500000000000E-03
     128     1701     5.85937500000000000000E-03
     129     1436     5.37109375000000000000E-03
     130     2254     7.81250000000000000000E-03
     131     2280     7.81250000000000000000E-03
     132     2108     3.90625000000000000000E-03
     133     1559     3.90625000000000000000E-03
     134     1345     1.95312500000000000000E-03
     135     1248     9.76562500000000000000E-04
     136     1161     9.76562500000000000000E-04
     137     1613     5.85937500000000000000E-03
     138     1907     1.95312500000000000000E-03
     139     1752     9.76562500000000000000E-04
     140     1349     3.90625000000000000000E-03
     141     1342     2.92968750000000000000E-03
     142     1148     1.95312500000000000000E-03
     143     1748     2.34375000000000000000E-02
     144     2120     3.90625000000000000000E-03
     145     1930     1.95312500000000000000E-03
     146     1599     6.83593750000000000000E-03
     147     1543     1.95312500000000000000E-03
     148     1741     9.76562500000000000000E-04
     149     1603     1.36718750000000000000E-02
     150     1574     1.17187500000000000000E-02
     151     1363     5.85937500000000000000E-03
     152     1344     5.85937500000000000000E-03
     153     1330     6.83593750000000000000E-03
     154     2641     3.12500000000000000000E-02
     155     2396     3.12500000000000000000E-02
     156     2263     1.56250000000000000000E-02
     157     2222     1.56250000000000000000E-02
     158     2074     1.56250000000000000000E-02
     159     2090     7.81250000000000000000E-03
     160     1939     3.90625000000000000000E-03
     161     1917     3.90625000000000000000E-03
     162     1492     7.81250000000000000000E-03
     163     1456     3.90625000000000000000E-03
     164     1322     3.90625000000000000000E-03
     165     1729     1.95312500000000000000E-03
     166     1751     1.95312500000000000000E-03
     167     1361     1.95312500000000000000E-03
     168     1325     4.88281250000000000000E-03
     169     1262     3.66210937500000000000E-03
     170     1158     2.44140625000000000000E-03
     171     1482     3.90625000000000000000E-03
     172     1471     9.76562500000000000000E-04
     173     1927     7.81250000000000000000E-03
     174     1946     7.81250000000000000000E-03
     175     1678     3.90625000000000000000E-03
     176     1844     3.90625000000000000000E-03
     177     1476     1.95312500000000000000E-03
     178     1542     7.81250000000000000000E-03
     179     1679     3.90625000000000000000E-03
     180     1580     1.95312500000000000000E-03
     181     1495     1.95312500000000000000E-03
     182     1902     7.81250000000000000000E-03
     183     2140     7.81250000000000000000E-03
     184     1942     7.81250000000000000000E-03
     185     1898     3.90625000000000000000E-03
     186     1693     1.95312500000000000000E-03
     187     1551     9.76562500000000000000E-04
     188     1769     3.90625000000000000000E-03
     189     1696     3.90625000000000000000E-03
     190     1487     1.95312500000000000000E-03
     191     1478     1.95312500000000000000E-03
     192     1535     1.95312500000000000000E-03
     193     1685     3.90625000000000000000E-03
     194     1802     2.14843750000000000000E-02
     195     1496     2.63671875000000000000E-02
     196     1517     1.07421875000000000000E-02
     197     1416     5.37109375000000000000E-03
     198     1347     1.31835937500000000000E-02
     199     1441     1.31835937500000000000E-02
     200     1472     1.95312500000000000000E-03
     201     1653     1.95312500000000000000E-03
     202     1366     1.95312500000000000000E-03
     203     1418     1.95312500000000000000E-03
     204     1265     9.76562500000000000000E-04
     205     1203     9.76562500000000000000E-04
     206     1229     9.76562500000000000000E-04
     207     1171     9.76562500000000000000E-04
     208     1360     7.81250000000000000000E-03
     209     1299     9.76562500000000000000E-04
     210     1201     4.39453125000000000000E-03
     211     1175     4.88281250000000000000E-04
     212     1220     3.90625000000000000000E-03
     213     2260     1.56250000000000000000E-02
     214     2291     1.56250000000000000000E-02
     215     2022     2.73437500000000000000E-02
     216     2146     7.81250000000000000000E-03
     217     2011     3.90625000000000000000E-03
     218     1883     3.90625000000000000000E-03
     219     1846     1.95312500000000000000E-03
     220     1546     6.83593750000000000000E-03
     221     1351     3.41796875000000000000E-03
     222     1298     3.41796875000000000000E-03
     223     1680     1.95312500000000000000E-03
     224     1636     9.76562500000000000000E-04
     225     1643     9.76562500000000000000E-04
     226     1764     1.36718750000000000000E-02
     227     1812     1.36718750000000000000E-02
     228     1575     6.83593750000000000000E-03
     229     1287     3.90625000000000000000E-03
     230     1312     3.41796875000000000000E-03
     231     1528     6.83593750000000000000E-03
     232     1457     3.41796875000000000000E-03
     233     1375     3.41796875000000000000E-03
     234     2151     7.81250000000000000000E-03
     235     2156     7.81250000000000000000E-03
     236     1913     3.51562500000000000000E-02
     237     1891     3.90625000000000000000E-03
     238     1839     1.95312500000000000000E-03
     239     1750     1.95312500000000000000E-03
     240     1597     9.76562500000000000000E-04
     241     1490     9.76562500000000000000E-04
     242     1358     4.88281250000000000000E-04
     243     1417     4.88281250000000000000E-04
     244     1202     1.46484375000000000000E-03
     245     1246     1.46484375000000000000E-03
     246     1624     9.76562500000000000000E-04
     247     1530     9.76562500000000000000E-04
     248     1460     4.88281250000000000000E-04
     249     1362     4.88281250000000000000E-04
     250     1836     1.75781250000000000000E-02
     251     1595     8.78906250000000000000E-03
     252     1285     4.39453125000000000000E-03
     253     1855     3.90625000000000000000E-03
     254     1977     3.90625000000000000000E-03
     255     1675     1.95312500000000000000E-03
     256     1774     1.95312500000000000000E-03
     257     1572     4.88281250000000000000E-03
     258     1634     9.76562500000000000000E-04
     259     1591     9.76562500000000000000E-04
     260     1470     9.76562500000000000000E-04
     261     1297     4.88281250000000000000E-04
     262     1414     4.88281250000000000000E-04
     263     1331     4.88281250000000000000E-04
     264     1697     1.95312500000000000000E-03
     265     1772     1.95312500000000000000E-03
     266     1585     9.76562500000000000000E-04
     267     1402     4.88281250000000000000E-04
     268     1321     4.88281250000000000000E-04
     269     1465     9.76562500000000000000E-04
     270     1486     9.76562500000000000000E-04
     271     1391     4.88281250000000000000E-04
     272     1282     4.88281250000000000000E-04
     273     1426     4.88281250000000000000E-04
     274     2828     6.25000000000000000000E-02
     275     2837     6.25000000000000000000E-02
     276     2432     3.12500000000000000000E-02
     277     2640     3.12500000000000000000E-02
     278     2215     1.56250000000000000000E-02
     279     2401     4.68750000000000000000E-02
     280     2329     2.34375000000000000000E-02
     281     2270     2.34375000000000000000E-02
     282     1537     1.17187500000000000000E-02
     283     2082     1.17187500000000000000E-02
     284     2148     1.17187500000000000000E-02
     285     1971     5.85937500000000000000E-03
     286     1704     2.92968750000000000000E-03
     287     1947     5.85937500000000000000E-03
     288     1736     2.92968750000000000000E-03
     289     1938     1.56250000000000000000E-02
     290     2189     7.81250000000000000000E-03
     291     1876     3.90625000000000000000E-03
     292     1857     3.90625000000000000000E-03
     293     1464     3.90625000000000000000E-03
     294     1805     1.95312500000000000000E-03
     295     1454     2.44140625000000000000E-03
     296     1587     9.76562500000000000000E-04
     297     1233     1.22070312500000000000E-03
     298     1383     1.95312500000000000000E-03
     299     1424     1.95312500000000000000E-03
     300     1560     1.95312500000000000000E-03
     301     1781     1.95312500000000000000E-03
     302     1523     9.76562500000000000000E-04
     303     1557     9.76562500000000000000E-04
     304     1338     9.76562500000000000000E-04
     305     1162     4.88281250000000000000E-04
     306     1251     4.88281250000000000000E-04
     307     1734     7.81250000000000000000E-03
     308     1684     7.81250000000000000000E-03
     309     1352     6.34765625000000000000E-03
     310     1524     3.90625000000000000000E-03
     311     1294     1.95312500000000000000E-03
     312     1160     3.17382812500000000000E-03
     313     1630     3.90625000000000000000E-03
     314     1640     3.90625000000000000000E-03
     315     1277     1.95312500000000000000E-03
     316     1305     1.95312500000000000000E-03
     317     2248     1.56250000000000000000E-02
     318     2250     1.56250000000000000000E-02
     319     2076     7.81250000000000000000E-03
     320     1854     3.90625000000000000000E-03
     321     2025     3.90625000000000000000E-03
     322     1808     1.95312500000000000000E-03
     323     1421     3.41796875000000000000E-03
     324     1397     2.44140625000000000000E-03
     325     1797     1.95312500000000000000E-03
     326     1714     1.95312500000000000000E-03
     327     1567     9.76562500000000000000E-04
     328     1466     9.76562500000000000000E-04
     329     1592     9.76562500000000000000E-04
     330     1647     9.76562500000000000000E-04
     331     1368     4.88281250000000000000E-04
     332     1205     2.44140625000000000000E-04
     333     1228     2.44140625000000000000E-04
     334     2073     3.90625000000000000000E-02
     335     2130     7.81250000000000000000E-03
     336     1957     3.90625000000000000000E-03
     337     1993     3.90625000000000000000E-03
     338     1735     1.95312500000000000000E-03
     339     1717     5.85937500000000000000E-03
     340     1515     2.92968750000000000000E-03
     341     1538     9.76562500000000000000E-04
     342     1408     4.39453125000000000000E-03
     343     1212     2.19726562500000000000E-03
     344     1058     1.09863281250000000000E-03
     345     1073     1.09863281250000000000E-03
     346     1669     5.85937500000000000000E-03
     347     1753     1.95312500000000000000E-03
     348     1550     4.88281250000000000000E-03
     349     1510     9.76562500000000000000E-04
     350     1364     4.88281250000000000000E-04
     351     1658     2.92968750000000000000E-03
     352     1554     2.92968750000000000000E-03
     353     1334     1.46484375000000000000E-03
     354     1428     1.46484375000000000000E-03
     355     1292     1.46484375000000000000E-03
     356     1385     1.46484375000000000000E-03
     357     1909     1.95312500000000000000E-02
     358     1715     9.76562500000000000000E-03
     359     1823     9.76562500000000000000E-03
     360     1632     6.83593750000000000000E-03
     361     1579     4.88281250000000000000E-03
     362     1451     2.44140625000000000000E-03
     363     1378     2.44140625000000000000E-03
     364     1200     1.22070312500000000000E-03
     365     1255     1.22070312500000000000E-03
     366     1442     3.41796875000000000000E-03
     367     1234     1.70898437500000000000E-03
     368     1525     4.88281250000000000000E-03
     369     1447     2.44140625000000000000E-03
     370     2561     3.12500000000000000000E-02
     371     2529     3.12500000000000000000E-02
     372     2264     1.56250000000000000000E-02
     373     2326     1.56250000000000000000E-02
     374     2091     7.81250000000000000000E-03
     375     2052     7.81250000000000000000E-03
     376     2013     3.90625000000000000000E-03
     377     1982     3.90625000000000000000E-03
     378     1851     1.95312500000000000000E-03
     379     1798     1.95312500000000000000E-03
     380     1469     9.76562500000000000000E-04
     381     1635     9.76562500000000000000E-04
     382     1565     9.76562500000000000000E-04
     383     1723     1.95312500000000000000E-03
     384     1986     3.90625000000000000000E-03
     385     1968     3.90625000000000000000E-03
     386     1831     1.95312500000000000000E-03
     387     1771     1.95312500000000000000E-03
     388     1588     9.76562500000000000000E-04
     389     1819     1.95312500000000000000E-03
     390     2153     7.81250000000000000000E-03
     391     1934     3.90625000000000000000E-03
     392     1850     1.95312500000000000000E-03
     393     2325     1.56250000000000000000E-02
     394     2483     4.68750000000000000000E-02
     395     2300     2.34375000000000000000E-02
     396     2185     2.34375000000000000000E-02
     397     1895     1.17187500000000000000E-02
     398     1889     1.17187500000000000000E-02
     399     1777     5.85937500000000000000E-03
     400     1683     5.85937500000000000000E-03
     401     1501     2.92968750000000000000E-03
     402     2080     1.17187500000000000000E-02
     403     1915     5.85937500000000000000E-03
     404     1903     5.85937500000000000000E-03
     405     1746     2.92968750000000000000E-03
     406     1754     2.92968750000000000000E-03
     407     2168     7.81250000000000000000E-03
     408     2175     7.81250000000000000000E-03
     409     1988     3.90625000000000000000E-03
     410     1972     3.90625000000000000000E-03
     411     1834     1.95312500000000000000E-03
     412     1829     1.95312500000000000000E-03
     413     1529     9.76562500000000000000E-04
     414     1276     4.88281250000000000000E-04
     415     2851     1.25000000000000000000E-01
     416     2745     1.25000000000000000000E-01
     417     2494     6.25000000000000000000E-02
     418     2458     6.25000000000000000000E-02
     419     2038     3.12500000000000000000E-02
     420     1955     1.56250000000000000000E-02
     421     1662     7.81250000000000000000E-03
     422     1505     3.90625000000000000000E-03
     423     1531     3.90625000000000000000E-03
     424     2626     6.25000000000000000000E-02
     425     2598     6.25000000000000000000E-02
     426     2346     3.12500000000000000000E-02
     427     2028     1.56250000000000000000E-02
     428     2124     1.56250000000000000000E-02
     429     2002     7.81250000000000000000E-03
     430     1954     7.81250000000000000000E-03
     431     1712     3.90625000000000000000E-03
     432     1544     1.95312500000000000000E-03
     433     1411     9.76562500000000000000E-04
     434     1811     3.90625000000000000000E-03
     435     1497     1.95312500000000000000E-03
     436     1578     1.95312500000000000000E-03
     437     1413     9.76562500000000000000E-04
     438     1281     9.76562500000000000000E-04
     439     1296     9.76562500000000000000E-04
     440     1317     9.76562500000000000000E-04
     441     1914     7.81250000000000000000E-03
     442     1998     7.81250000000000000000E-03
     443     1724     3.90625000000000000000E-03
     444     1644     1.95312500000000000000E-03
     445     1343     9.76562500000000000000E-04
     446     1329     9.76562500000000000000E-04
     447     1731     3.90625000000000000000E-03
     448     1809     3.90625000000000000000E-03
     449     1649     1.95312500000000000000E-03
     450     1400     9.76562500000000000000E-04
     451     1571     1.95312500000000000000E-03
     452     2391     3.12500000000000000000E-02
     453     2139     1.56250000000000000000E-02
     454     2269     1.56250000000000000000E-02
     455     2177     7.81250000000000000000E-03
     456     1900     3.90625000000000000000E-03
     457     1612     3.90625000000000000000E-03
     458     1275     1.95312500000000000000E-03
     459     1196     9.76562500000000000000E-04
     460     1157     9.76562500000000000000E-04
     461     2012     7.81250000000000000000E-03
     462     1923     7.81250000000000000000E-03
     463     1710     3.90625000000000000000E-03
     464     1838     3.90625000000000000000E-03
     465     1627     1.95312500000000000000E-03
     466     1291     9.76562500000000000000E-04
     467     1189     4.88281250000000000000E-04
     468     1199     4.88281250000000000000E-04
     469     1614     1.95312500000000000000E-03
     470     1821     3.90625000000000000000E-03
     471     1721     3.90625000000000000000E-03
     472     1518     1.95312500000000000000E-03
     473     1589     1.95312500000000000000E-03
     474     1341     9.76562500000000000000E-04
     475     1357     9.76562500000000000000E-04
     476     1359     9.76562500000000000000E-04
     477     1206     4.88281250000000000000E-04
     478     1096     2.44140625000000000000E-04
     479     1125     2.44140625000000000000E-04
     480     1172     4.88281250000000000000E-04
     481     1484     1.95312500000000000000E-03
     482     1365     9.76562500000000000000E-04
     483     1410     9.76562500000000000000E-04
     484     3808     2.50000000000000000000E-01
     485     3765     2.50000000000000000000E-01
     486     2812     1.25000000000000000000E-01
     487     3190     1.25000000000000000000E-01
     488     2866     6.25000000000000000000E-02
     489     2708     6.25000000000000000000E-02
     490     2507     6.25000000000000000000E-02
     491     2629     6.25000000000000000000E-02
     492     3206     1.25000000000000000000E-01
     493     3068     1.25000000000000000000E-01
     494     2810     6.25000000000000000000E-02
     495     2875     6.25000000000000000000E-02
     496     2700     3.12500000000000000000E-02
     497     2666     3.12500000000000000000E-02
     498     2957     6.25000000000000000000E-02
     499     2734     6.25000000000000000000E-02
matching common ancestors (ii, anc_id, val_s, val_d):
      12     2214     1.56250000000000000000E-02     2.34375000000000000000E-02
      16     1832     3.90625000000000000000E-03     5.85937500000000000000E-03
      18     1725     1.95312500000000000000E-03     3.90625000000000000000E-03
      20     1370     1.85546875000000000000E-02     2.58789062500000000000E-02
      24     1224     1.34277343750000000000E-02     2.97851562500000000000E-02
      25     1256     9.27734375000000000000E-03     1.29394531250000000000E-02
      26     1120     5.12695312500000000000E-03     6.95800781250000000000E-03
      27     1066     4.63867187500000000000E-03     6.46972656250000000000E-03
      28     1106     6.71386718750000000000E-03     1.48925781250000000000E-02
      29     1127     6.71386718750000000000E-03     1.48925781250000000000E-02
      30     1396     2.09960937500000000000E-02     4.24804687500000000000E-02
      31     1443     4.39453125000000000000E-03     5.85937500000000000000E-03
      32     1178     2.19726562500000000000E-03     2.92968750000000000000E-03
      33     1183     2.19726562500000000000E-03     3.90625000000000000000E-03
      34     1064     3.55224609375000000000E-02     7.45849609375000000000E-02
      35     1153     1.04980468750000000000E-02     2.12402343750000000000E-02
      36     1135     5.24902343750000000000E-03     1.06201171875000000000E-02
      37     1088     7.69042968750000000000E-03     1.84326171875000000000E-02
      38     1044     1.77612304687500000000E-02     3.72924804687500000000E-02
      39     1018     1.77612304687500000000E-02     3.72924804687500000000E-02
      40     1563     1.95312500000000000000E-03     2.92968750000000000000E-03
      41     1590     1.95312500000000000000E-03     2.92968750000000000000E-03
      42     1280     9.76562500000000000000E-04     1.46484375000000000000E-03
      43     1459     9.76562500000000000000E-04     1.46484375000000000000E-03
      44     1399     1.02539062500000000000E-02     1.22070312500000000000E-02
      45     1381     9.76562500000000000000E-04     1.46484375000000000000E-03
      46     1227     2.05078125000000000000E-02     3.56445312500000000000E-02
      47     1154     5.61523437500000000000E-03     9.03320312500000000000E-03
      48     1117     1.02539062500000000000E-02     1.78222656250000000000E-02
      49     1136     1.02539062500000000000E-02     1.78222656250000000000E-02
      50     1981     1.17187500000000000000E-02     2.34375000000000000000E-02
      52     1654     2.05078125000000000000E-02     2.83203125000000000000E-02
      54     1290     3.41796875000000000000E-03     4.39453125000000000000E-03
      55     1300     6.83593750000000000000E-03     7.81250000000000000000E-03
      56     1141     9.27734375000000000000E-03     1.17187500000000000000E-02
      57     1254     3.41796875000000000000E-03     3.90625000000000000000E-03
      58     1208     4.63867187500000000000E-03     7.08007812500000000000E-03
      59     1211     1.70898437500000000000E-03     2.19726562500000000000E-03
      60     1289     1.75781250000000000000E-02     2.05078125000000000000E-02
      61     1350     1.02539062500000000000E-02     1.41601562500000000000E-02
      62     1213     5.12695312500000000000E-03     7.08007812500000000000E-03
      63     1272     7.32421875000000000000E-03     9.27734375000000000000E-03
      64     1080     6.59179687500000000000E-03     8.78906250000000000000E-03
      65     1103     3.66210937500000000000E-03     4.63867187500000000000E-03
      66     1010     4.02832031250000000000E-03     5.85937500000000000000E-03
      67     1001     3.29589843750000000000E-03     4.39453125000000000000E-03
      68     1143     8.78906250000000000000E-03     1.02539062500000000000E-02
      69     1116     1.17187500000000000000E-02     1.53808593750000000000E-02
      70     1069     4.39453125000000000000E-03     5.12695312500000000000E-03
      71     1605     1.75781250000000000000E-02     2.73437500000000000000E-02
      72     1825     5.85937500000000000000E-03     1.17187500000000000000E-02
      73     1461     2.00195312500000000000E-02     4.54101562500000000000E-02
      74     1534     2.92968750000000000000E-03     5.85937500000000000000E-03
      75     1306     1.46484375000000000000E-03     2.92968750000000000000E-03
      76     1376     1.46484375000000000000E-03     2.92968750000000000000E-03
      77     1218     7.32421875000000000000E-04     1.46484375000000000000E-03
      78     1266     7.32421875000000000000E-04     1.46484375000000000000E-03
      79     1181     7.32421875000000000000E-04     1.46484375000000000000E-03
      80     1180     1.00097656250000000000E-02     2.27050781250000000000E-02
      81     1082     9.88769531250000000000E-03     1.98974609375000000000E-02
      82     1098     5.00488281250000000000E-03     1.13525390625000000000E-02
      83     1307     8.78906250000000000000E-03     1.75781250000000000000E-02
      84     1326     1.17187500000000000000E-02     1.85546875000000000000E-02
      85     1209     3.14941406250000000000E-02     7.64160156250000000000E-02
      86     1219     5.85937500000000000000E-03     9.27734375000000000000E-03
      87     1055     1.57470703125000000000E-02     3.82080078125000000000E-02
      88     1146     4.39453125000000000000E-03     8.78906250000000000000E-03
      89     1147     4.39453125000000000000E-03     8.78906250000000000000E-03
      90     2071     7.81250000000000000000E-03     1.17187500000000000000E-02
      91     2142     7.81250000000000000000E-03     1.17187500000000000000E-02
      92     1278     3.90625000000000000000E-03     6.34765625000000000000E-03
      93     1145     1.95312500000000000000E-03     3.17382812500000000000E-03
      94     1105     9.76562500000000000000E-04     1.58691406250000000000E-03
      95     1063     9.76562500000000000000E-04     1.58691406250000000000E-03
      96     1648     1.95312500000000000000E-02     3.80859375000000000000E-02
      97     1966     3.90625000000000000000E-03     5.85937500000000000000E-03
      98     1314     7.32421875000000000000E-03     1.12304687500000000000E-02
      99     1747     1.95312500000000000000E-03     2.92968750000000000000E-03
     100     1509     9.76562500000000000000E-04     1.46484375000000000000E-03
     101     1622     9.76562500000000000000E-04     1.46484375000000000000E-03
     102     1242     3.66210937500000000000E-03     5.61523437500000000000E-03
     103     1149     3.66210937500000000000E-03     5.61523437500000000000E-03
     104     1440     9.76562500000000000000E-03     1.90429687500000000000E-02
     105     1185     4.88281250000000000000E-03     9.52148437500000000000E-03
     107     2292     4.68750000000000000000E-02     1.56250000000000000000E-02
     108     2145     2.34375000000000000000E-02     7.81250000000000000000E-03
     109     2047     2.34375000000000000000E-02     7.81250000000000000000E-03
     110     2026     1.75781250000000000000E-02     1.17187500000000000000E-02
     111     1983     1.17187500000000000000E-02     3.90625000000000000000E-03
     112     1663     5.85937500000000000000E-03     1.95312500000000000000E-03
     113     1833     5.85937500000000000000E-03     1.95312500000000000000E-03
     114     1336     4.39453125000000000000E-03     1.36718750000000000000E-02
     115     1520     3.90625000000000000000E-03     3.90625000000000000000E-03
     116     1243     2.19726562500000000000E-03     6.83593750000000000000E-03
     117     1807     8.78906250000000000000E-03     5.85937500000000000000E-03
     118     1583     1.07421875000000000000E-02     1.07421875000000000000E-02
     119     1427     5.37109375000000000000E-03     5.37109375000000000000E-03
     120     1598     4.39453125000000000000E-03     2.92968750000000000000E-03
     121     1990     1.17187500000000000000E-02     3.90625000000000000000E-03
     122     1994     1.17187500000000000000E-02     3.90625000000000000000E-03
     123     1423     8.30078125000000000000E-03     1.07421875000000000000E-02
     124     1804     7.81250000000000000000E-03     7.81250000000000000000E-03
     125     1628     3.90625000000000000000E-03     3.90625000000000000000E-03
     126     1166     7.32421875000000000000E-03     1.31835937500000000000E-02
     127     1230     4.15039062500000000000E-03     5.37109375000000000000E-03
     128     1701     5.85937500000000000000E-03     1.95312500000000000000E-03
     129     1436     5.37109375000000000000E-03     7.81250000000000000000E-03
     133     1559     3.90625000000000000000E-03     1.95312500000000000000E-03
     134     1345     1.95312500000000000000E-03     9.76562500000000000000E-04
     135     1248     9.76562500000000000000E-04     4.88281250000000000000E-04
     136     1161     9.76562500000000000000E-04     4.88281250000000000000E-04
     137     1613     5.85937500000000000000E-03     1.56250000000000000000E-02
     140     1349     3.90625000000000000000E-03     2.00195312500000000000E-02
     141     1342     2.92968750000000000000E-03     7.81250000000000000000E-03
     142     1148     1.95312500000000000000E-03     1.00097656250000000000E-02
     143     1748     2.34375000000000000000E-02     1.36718750000000000000E-02
     146     1599     6.83593750000000000000E-03     7.81250000000000000000E-03
     147     1543     1.95312500000000000000E-03     9.76562500000000000000E-04
     149     1603     1.36718750000000000000E-02     1.26953125000000000000E-02
     150     1574     1.17187500000000000000E-02     6.83593750000000000000E-03
     151     1363     5.85937500000000000000E-03     3.41796875000000000000E-03
     152     1344     5.85937500000000000000E-03     3.41796875000000000000E-03
     153     1330     6.83593750000000000000E-03     6.34765625000000000000E-03
     154     2641     3.12500000000000000000E-02     6.25000000000000000000E-02
     156     2263     1.56250000000000000000E-02     1.56250000000000000000E-02
     157     2222     1.56250000000000000000E-02     1.56250000000000000000E-02
     158     2074     1.56250000000000000000E-02     2.34375000000000000000E-02
     159     2090     7.81250000000000000000E-03     7.81250000000000000000E-03
     160     1939     3.90625000000000000000E-03     3.90625000000000000000E-03
     161     1917     3.90625000000000000000E-03     3.90625000000000000000E-03
     162     1492     7.81250000000000000000E-03     1.66015625000000000000E-02
     163     1456     3.90625000000000000000E-03     8.30078125000000000000E-03
     164     1322     3.90625000000000000000E-03     8.30078125000000000000E-03
     165     1729     1.95312500000000000000E-03     1.95312500000000000000E-03
     166     1751     1.95312500000000000000E-03     1.95312500000000000000E-03
     167     1361     1.95312500000000000000E-03     5.85937500000000000000E-03
     168     1325     4.88281250000000000000E-03     1.02539062500000000000E-02
     169     1262     3.66210937500000000000E-03     1.09863281250000000000E-02
     170     1158     2.44140625000000000000E-03     5.12695312500000000000E-03
     171     1482     3.90625000000000000000E-03     4.88281250000000000000E-03
     172     1471     9.76562500000000000000E-04     9.76562500000000000000E-04
     173     1927     7.81250000000000000000E-03     1.17187500000000000000E-02
     174     1946     7.81250000000000000000E-03     1.17187500000000000000E-02
     175     1678     3.90625000000000000000E-03     9.76562500000000000000E-03
     176     1844     3.90625000000000000000E-03     5.85937500000000000000E-03
     177     1476     1.95312500000000000000E-03     2.92968750000000000000E-03
     178     1542     7.81250000000000000000E-03     1.46484375000000000000E-02
     179     1679     3.90625000000000000000E-03     5.85937500000000000000E-03
     180     1580     1.95312500000000000000E-03     2.92968750000000000000E-03
     181     1495     1.95312500000000000000E-03     2.92968750000000000000E-03
     182     1902     7.81250000000000000000E-03     1.95312500000000000000E-02
     183     2140     7.81250000000000000000E-03     7.81250000000000000000E-03
     184     1942     7.81250000000000000000E-03     1.56250000000000000000E-02
     185     1898     3.90625000000000000000E-03     3.90625000000000000000E-03
     186     1693     1.95312500000000000000E-03     1.95312500000000000000E-03
     187     1551     9.76562500000000000000E-04     9.76562500000000000000E-04
     188     1769     3.90625000000000000000E-03     7.81250000000000000000E-03
     189     1696     3.90625000000000000000E-03     7.81250000000000000000E-03
     190     1487     1.95312500000000000000E-03     3.90625000000000000000E-03
     191     1478     1.95312500000000000000E-03     3.90625000000000000000E-03
     192     1535     1.95312500000000000000E-03     3.90625000000000000000E-03
     193     1685     3.90625000000000000000E-03     9.76562500000000000000E-03
     194     1802     2.14843750000000000000E-02     3.32031250000000000000E-02
     195     1496     2.63671875000000000000E-02     5.66406250000000000000E-02
     196     1517     1.07421875000000000000E-02     1.66015625000000000000E-02
     197     1416     5.37109375000000000000E-03     8.30078125000000000000E-03
     198     1347     1.31835937500000000000E-02     2.83203125000000000000E-02
     199     1441     1.31835937500000000000E-02     2.83203125000000000000E-02
     200     1472     1.95312500000000000000E-03     4.88281250000000000000E-03
     201     1653     1.95312500000000000000E-03     4.88281250000000000000E-03
     202     1366     1.95312500000000000000E-03     1.02539062500000000000E-02
     203     1418     1.95312500000000000000E-03     9.27734375000000000000E-03
     204     1265     9.76562500000000000000E-04     4.63867187500000000000E-03
     205     1203     9.76562500000000000000E-04     4.63867187500000000000E-03
     206     1229     9.76562500000000000000E-04     5.12695312500000000000E-03
     207     1171     9.76562500000000000000E-04     5.12695312500000000000E-03
     208     1360     7.81250000000000000000E-03     1.51367187500000000000E-02
     209     1299     9.76562500000000000000E-04     2.44140625000000000000E-03
     210     1201     4.39453125000000000000E-03     1.36718750000000000000E-02
     211     1175     4.88281250000000000000E-04     1.22070312500000000000E-03
     212     1220     3.90625000000000000000E-03     7.56835937500000000000E-03
     213     2260     1.56250000000000000000E-02     3.12500000000000000000E-02
     214     2291     1.56250000000000000000E-02     4.68750000000000000000E-02
     215     2022     2.73437500000000000000E-02     5.07812500000000000000E-02
     216     2146     7.81250000000000000000E-03     2.34375000000000000000E-02
     217     2011     3.90625000000000000000E-03     1.17187500000000000000E-02
     218     1883     3.90625000000000000000E-03     1.17187500000000000000E-02
     219     1846     1.95312500000000000000E-03     5.85937500000000000000E-03
     220     1546     6.83593750000000000000E-03     1.46484375000000000000E-02
     221     1351     3.41796875000000000000E-03     7.32421875000000000000E-03
     222     1298     3.41796875000000000000E-03     7.32421875000000000000E-03
     223     1680     1.95312500000000000000E-03     5.85937500000000000000E-03
     224     1636     9.76562500000000000000E-04     3.90625000000000000000E-03
     225     1643     9.76562500000000000000E-04     2.92968750000000000000E-03
     226     1764     1.36718750000000000000E-02     2.53906250000000000000E-02
     227     1812     1.36718750000000000000E-02     2.53906250000000000000E-02
     228     1575     6.83593750000000000000E-03     1.26953125000000000000E-02
     229     1287     3.90625000000000000000E-03     7.81250000000000000000E-03
     230     1312     3.41796875000000000000E-03     6.34765625000000000000E-03
     231     1528     6.83593750000000000000E-03     1.26953125000000000000E-02
     232     1457     3.41796875000000000000E-03     6.34765625000000000000E-03
     233     1375     3.41796875000000000000E-03     6.34765625000000000000E-03
     234     2151     7.81250000000000000000E-03     4.68750000000000000000E-02
     235     2156     7.81250000000000000000E-03     4.68750000000000000000E-02
     236     1913     3.51562500000000000000E-02     4.68750000000000000000E-02
     237     1891     3.90625000000000000000E-03     2.34375000000000000000E-02
     238     1839     1.95312500000000000000E-03     1.17187500000000000000E-02
     239     1750     1.95312500000000000000E-03     1.17187500000000000000E-02
     240     1597     9.76562500000000000000E-04     1.36718750000000000000E-02
     241     1490     9.76562500000000000000E-04     9.76562500000000000000E-03
     242     1358     4.88281250000000000000E-04     4.88281250000000000000E-03
     243     1417     4.88281250000000000000E-04     6.83593750000000000000E-03
     244     1202     1.46484375000000000000E-03     6.10351562500000000000E-03
     245     1246     1.46484375000000000000E-03     6.10351562500000000000E-03
     246     1624     9.76562500000000000000E-04     5.85937500000000000000E-03
     247     1530     9.76562500000000000000E-04     9.76562500000000000000E-03
     248     1460     4.88281250000000000000E-04     4.88281250000000000000E-03
     249     1362     4.88281250000000000000E-04     2.92968750000000000000E-03
     250     1836     1.75781250000000000000E-02     2.73437500000000000000E-02
     251     1595     8.78906250000000000000E-03     1.36718750000000000000E-02
     252     1285     4.39453125000000000000E-03     6.83593750000000000000E-03
     253     1855     3.90625000000000000000E-03     2.34375000000000000000E-02
     254     1977     3.90625000000000000000E-03     2.34375000000000000000E-02
     255     1675     1.95312500000000000000E-03     1.17187500000000000000E-02
     256     1774     1.95312500000000000000E-03     1.17187500000000000000E-02
     257     1572     4.88281250000000000000E-03     1.56250000000000000000E-02
     258     1634     9.76562500000000000000E-04     5.85937500000000000000E-03
     259     1591     9.76562500000000000000E-04     5.85937500000000000000E-03
     260     1470     9.76562500000000000000E-04     5.85937500000000000000E-03
     261     1297     4.88281250000000000000E-04     2.92968750000000000000E-03
     262     1414     4.88281250000000000000E-04     3.90625000000000000000E-03
     263     1331     4.88281250000000000000E-04     2.92968750000000000000E-03
     264     1697     1.95312500000000000000E-03     1.17187500000000000000E-02
     265     1772     1.95312500000000000000E-03     1.17187500000000000000E-02
     266     1585     9.76562500000000000000E-04     5.85937500000000000000E-03
     267     1402     4.88281250000000000000E-04     2.92968750000000000000E-03
     268     1321     4.88281250000000000000E-04     2.92968750000000000000E-03
     269     1465     9.76562500000000000000E-04     5.85937500000000000000E-03
     270     1486     9.76562500000000000000E-04     5.85937500000000000000E-03
     271     1391     4.88281250000000000000E-04     2.92968750000000000000E-03
     272     1282     4.88281250000000000000E-04     2.92968750000000000000E-03
     273     1426     4.88281250000000000000E-04     2.92968750000000000000E-03
     274     2828     6.25000000000000000000E-02     6.25000000000000000000E-02
     278     2215     1.56250000000000000000E-02     1.56250000000000000000E-02
     279     2401     4.68750000000000000000E-02     6.25000000000000000000E-02
     280     2329     2.34375000000000000000E-02     3.12500000000000000000E-02
     281     2270     2.34375000000000000000E-02     3.12500000000000000000E-02
     282     1537     1.17187500000000000000E-02     1.56250000000000000000E-02
     283     2082     1.17187500000000000000E-02     1.56250000000000000000E-02
     284     2148     1.17187500000000000000E-02     1.56250000000000000000E-02
     285     1971     5.85937500000000000000E-03     7.81250000000000000000E-03
     286     1704     2.92968750000000000000E-03     3.90625000000000000000E-03
     287     1947     5.85937500000000000000E-03     7.81250000000000000000E-03
     288     1736     2.92968750000000000000E-03     3.90625000000000000000E-03
     289     1938     1.56250000000000000000E-02     3.90625000000000000000E-02
     290     2189     7.81250000000000000000E-03     7.81250000000000000000E-03
     291     1876     3.90625000000000000000E-03     3.90625000000000000000E-03
     292     1857     3.90625000000000000000E-03     3.90625000000000000000E-03
     293     1464     3.90625000000000000000E-03     1.26953125000000000000E-02
     294     1805     1.95312500000000000000E-03     3.90625000000000000000E-03
     295     1454     2.44140625000000000000E-03     1.17187500000000000000E-02
     296     1587     9.76562500000000000000E-04     5.85937500000000000000E-03
     297     1233     1.22070312500000000000E-03     5.85937500000000000000E-03
     298     1383     1.95312500000000000000E-03     6.34765625000000000000E-03
     299     1424     1.95312500000000000000E-03     6.34765625000000000000E-03
     300     1560     1.95312500000000000000E-03     3.90625000000000000000E-03
     301     1781     1.95312500000000000000E-03     1.95312500000000000000E-03
     302     1523     9.76562500000000000000E-04     9.76562500000000000000E-04
     303     1557     9.76562500000000000000E-04     9.76562500000000000000E-04
     304     1338     9.76562500000000000000E-04     5.85937500000000000000E-03
     305     1162     4.88281250000000000000E-04     2.92968750000000000000E-03
     306     1251     4.88281250000000000000E-04     2.92968750000000000000E-03
     307     1734     7.81250000000000000000E-03     1.95312500000000000000E-02
     308     1684     7.81250000000000000000E-03     1.95312500000000000000E-02
     309     1352     6.34765625000000000000E-03     1.36718750000000000000E-02
     310     1524     3.90625000000000000000E-03     9.76562500000000000000E-03
     311     1294     1.95312500000000000000E-03     4.88281250000000000000E-03
     312     1160     3.17382812500000000000E-03     7.81250000000000000000E-03
     313     1630     3.90625000000000000000E-03     9.76562500000000000000E-03
     314     1640     3.90625000000000000000E-03     9.76562500000000000000E-03
     315     1277     1.95312500000000000000E-03     4.88281250000000000000E-03
     316     1305     1.95312500000000000000E-03     4.88281250000000000000E-03
     317     2248     1.56250000000000000000E-02     1.56250000000000000000E-02
     323     1421     3.41796875000000000000E-03     6.83593750000000000000E-03
     324     1397     2.44140625000000000000E-03     4.88281250000000000000E-03
     331     1368     4.88281250000000000000E-04     3.90625000000000000000E-03
     332     1205     2.44140625000000000000E-04     1.95312500000000000000E-03
     333     1228     2.44140625000000000000E-04     1.95312500000000000000E-03
     334     2073     3.90625000000000000000E-02     5.46875000000000000000E-02
     335     2130     7.81250000000000000000E-03     7.81250000000000000000E-03
     336     1957     3.90625000000000000000E-03     3.90625000000000000000E-03
     337     1993     3.90625000000000000000E-03     3.90625000000000000000E-03
     338     1735     1.95312500000000000000E-03     1.95312500000000000000E-03
     339     1717     5.85937500000000000000E-03     1.95312500000000000000E-02
     340     1515     2.92968750000000000000E-03     9.76562500000000000000E-03
     341     1538     9.76562500000000000000E-04     9.76562500000000000000E-04
     342     1408     4.39453125000000000000E-03     4.39453125000000000000E-03
     343     1212     2.19726562500000000000E-03     2.19726562500000000000E-03
     344     1058     1.09863281250000000000E-03     1.09863281250000000000E-03
     345     1073     1.09863281250000000000E-03     1.09863281250000000000E-03
     346     1669     5.85937500000000000000E-03     1.56250000000000000000E-02
     347     1753     1.95312500000000000000E-03     1.95312500000000000000E-03
     348     1550     4.88281250000000000000E-03     1.36718750000000000000E-02
     349     1510     9.76562500000000000000E-04     9.76562500000000000000E-04
     350     1364     4.88281250000000000000E-04     4.88281250000000000000E-04
     351     1658     2.92968750000000000000E-03     7.81250000000000000000E-03
     352     1554     2.92968750000000000000E-03     7.81250000000000000000E-03
     353     1334     1.46484375000000000000E-03     3.90625000000000000000E-03
     354     1428     1.46484375000000000000E-03     3.90625000000000000000E-03
     355     1292     1.46484375000000000000E-03     3.90625000000000000000E-03
     356     1385     1.46484375000000000000E-03     3.90625000000000000000E-03
     357     1909     1.95312500000000000000E-02     2.73437500000000000000E-02
     358     1715     9.76562500000000000000E-03     1.56250000000000000000E-02
     359     1823     9.76562500000000000000E-03     1.36718750000000000000E-02
     360     1632     6.83593750000000000000E-03     1.66015625000000000000E-02
     361     1579     4.88281250000000000000E-03     1.07421875000000000000E-02
     362     1451     2.44140625000000000000E-03     5.37109375000000000000E-03
     363     1378     2.44140625000000000000E-03     5.37109375000000000000E-03
     364     1200     1.22070312500000000000E-03     2.68554687500000000000E-03
     365     1255     1.22070312500000000000E-03     2.68554687500000000000E-03
     366     1442     3.41796875000000000000E-03     8.30078125000000000000E-03
     367     1234     1.70898437500000000000E-03     4.15039062500000000000E-03
     368     1525     4.88281250000000000000E-03     7.81250000000000000000E-03
     369     1447     2.44140625000000000000E-03     3.90625000000000000000E-03
     370     2561     3.12500000000000000000E-02     3.12500000000000000000E-02
     371     2529     3.12500000000000000000E-02     3.12500000000000000000E-02
     372     2264     1.56250000000000000000E-02     4.68750000000000000000E-02
     373     2326     1.56250000000000000000E-02     1.56250000000000000000E-02
     374     2091     7.81250000000000000000E-03     7.81250000000000000000E-03
     375     2052     7.81250000000000000000E-03     7.81250000000000000000E-03
     376     2013     3.90625000000000000000E-03     3.90625000000000000000E-03
     377     1982     3.90625000000000000000E-03     3.90625000000000000000E-03
     378     1851     1.95312500000000000000E-03     1.95312500000000000000E-03
     379     1798     1.95312500000000000000E-03     1.95312500000000000000E-03
     380     1469     9.76562500000000000000E-04     9.76562500000000000000E-04
     381     1635     9.76562500000000000000E-04     9.76562500000000000000E-04
     382     1565     9.76562500000000000000E-04     9.76562500000000000000E-04
     383     1723     1.95312500000000000000E-03     1.95312500000000000000E-03
     384     1986     3.90625000000000000000E-03     3.90625000000000000000E-03
     385     1968     3.90625000000000000000E-03     3.90625000000000000000E-03
     386     1831     1.95312500000000000000E-03     1.95312500000000000000E-03
     387     1771     1.95312500000000000000E-03     1.95312500000000000000E-03
     388     1588     9.76562500000000000000E-04     9.76562500000000000000E-04
     389     1819     1.95312500000000000000E-03     1.95312500000000000000E-03
     390     2153     7.81250000000000000000E-03     2.34375000000000000000E-02
     391     1934     3.90625000000000000000E-03     1.17187500000000000000E-02
     392     1850     1.95312500000000000000E-03     5.85937500000000000000E-03
     393     2325     1.56250000000000000000E-02     1.56250000000000000000E-02
     394     2483     4.68750000000000000000E-02     7.81250000000000000000E-02
     395     2300     2.34375000000000000000E-02     3.90625000000000000000E-02
     396     2185     2.34375000000000000000E-02     3.90625000000000000000E-02
     397     1895     1.17187500000000000000E-02     2.34375000000000000000E-02
     398     1889     1.17187500000000000000E-02     2.34375000000000000000E-02
     399     1777     5.85937500000000000000E-03     1.17187500000000000000E-02
     400     1683     5.85937500000000000000E-03     1.17187500000000000000E-02
     401     1501     2.92968750000000000000E-03     5.85937500000000000000E-03
     402     2080     1.17187500000000000000E-02     1.95312500000000000000E-02
     403     1915     5.85937500000000000000E-03     9.76562500000000000000E-03
     404     1903     5.85937500000000000000E-03     9.76562500000000000000E-03
     405     1746     2.92968750000000000000E-03     4.88281250000000000000E-03
     406     1754     2.92968750000000000000E-03     4.88281250000000000000E-03
     407     2168     7.81250000000000000000E-03     2.34375000000000000000E-02
     408     2175     7.81250000000000000000E-03     7.81250000000000000000E-03
     409     1988     3.90625000000000000000E-03     1.17187500000000000000E-02
     410     1972     3.90625000000000000000E-03     1.17187500000000000000E-02
     411     1834     1.95312500000000000000E-03     5.85937500000000000000E-03
     412     1829     1.95312500000000000000E-03     5.85937500000000000000E-03
     413     1529     9.76562500000000000000E-04     2.92968750000000000000E-03
     414     1276     4.88281250000000000000E-04     1.46484375000000000000E-03
     417     2494     6.25000000000000000000E-02     3.12500000000000000000E-02
     420     1955     1.56250000000000000000E-02     1.95312500000000000000E-03
     421     1662     7.81250000000000000000E-03     9.76562500000000000000E-04
     422     1505     3.90625000000000000000E-03     4.88281250000000000000E-04
     423     1531     3.90625000000000000000E-03     4.88281250000000000000E-04
     424     2626     6.25000000000000000000E-02     1.25000000000000000000E-01
     425     2598     6.25000000000000000000E-02     1.25000000000000000000E-01
     426     2346     3.12500000000000000000E-02     7.81250000000000000000E-02
     427     2028     1.56250000000000000000E-02     7.03125000000000000000E-02
     428     2124     1.56250000000000000000E-02     5.46875000000000000000E-02
     429     2002     7.81250000000000000000E-03     2.73437500000000000000E-02
     430     1954     7.81250000000000000000E-03     2.73437500000000000000E-02
     431     1712     3.90625000000000000000E-03     1.36718750000000000000E-02
     432     1544     1.95312500000000000000E-03     6.83593750000000000000E-03
     433     1411     9.76562500000000000000E-04     3.41796875000000000000E-03
     434     1811     3.90625000000000000000E-03     1.36718750000000000000E-02
     435     1497     1.95312500000000000000E-03     6.83593750000000000000E-03
     436     1578     1.95312500000000000000E-03     6.83593750000000000000E-03
     437     1413     9.76562500000000000000E-04     3.41796875000000000000E-03
     438     1281     9.76562500000000000000E-04     3.41796875000000000000E-03
     439     1296     9.76562500000000000000E-04     3.41796875000000000000E-03
     440     1317     9.76562500000000000000E-04     3.41796875000000000000E-03
     441     1914     7.81250000000000000000E-03     5.46875000000000000000E-02
     442     1998     7.81250000000000000000E-03     3.51562500000000000000E-02
     443     1724     3.90625000000000000000E-03     1.75781250000000000000E-02
     444     1644     1.95312500000000000000E-03     8.78906250000000000000E-03
     445     1343     9.76562500000000000000E-04     4.88281250000000000000E-03
     446     1329     9.76562500000000000000E-04     4.39453125000000000000E-03
     447     1731     3.90625000000000000000E-03     2.73437500000000000000E-02
     448     1809     3.90625000000000000000E-03     2.73437500000000000000E-02
     449     1649     1.95312500000000000000E-03     1.36718750000000000000E-02
     450     1400     9.76562500000000000000E-04     6.83593750000000000000E-03
     451     1571     1.95312500000000000000E-03     1.36718750000000000000E-02
     452     2391     3.12500000000000000000E-02     6.25000000000000000000E-02
     453     2139     1.56250000000000000000E-02     5.46875000000000000000E-02
     454     2269     1.56250000000000000000E-02     4.68750000000000000000E-02
     455     2177     7.81250000000000000000E-03     2.34375000000000000000E-02
     456     1900     3.90625000000000000000E-03     1.17187500000000000000E-02
     457     1612     3.90625000000000000000E-03     1.26953125000000000000E-02
     458     1275     1.95312500000000000000E-03     8.30078125000000000000E-03
     459     1196     9.76562500000000000000E-04     4.15039062500000000000E-03
     460     1157     9.76562500000000000000E-04     4.15039062500000000000E-03
     461     2012     7.81250000000000000000E-03     2.73437500000000000000E-02
     462     1923     7.81250000000000000000E-03     2.73437500000000000000E-02
     463     1710     3.90625000000000000000E-03     1.36718750000000000000E-02
     464     1838     3.90625000000000000000E-03     1.36718750000000000000E-02
     465     1627     1.95312500000000000000E-03     9.76562500000000000000E-03
     466     1291     9.76562500000000000000E-04     4.88281250000000000000E-03
     467     1189     4.88281250000000000000E-04     2.44140625000000000000E-03
     468     1199     4.88281250000000000000E-04     2.44140625000000000000E-03
     469     1614     1.95312500000000000000E-03     6.83593750000000000000E-03
     470     1821     3.90625000000000000000E-03     1.36718750000000000000E-02
     471     1721     3.90625000000000000000E-03     1.36718750000000000000E-02
     472     1518     1.95312500000000000000E-03     6.83593750000000000000E-03
     473     1589     1.95312500000000000000E-03     6.83593750000000000000E-03
     474     1341     9.76562500000000000000E-04     3.41796875000000000000E-03
     475     1357     9.76562500000000000000E-04     3.41796875000000000000E-03
     476     1359     9.76562500000000000000E-04     3.41796875000000000000E-03
     477     1206     4.88281250000000000000E-04     1.70898437500000000000E-03
     478     1096     2.44140625000000000000E-04     8.54492187500000000000E-04
     479     1125     2.44140625000000000000E-04     8.54492187500000000000E-04
     480     1172     4.88281250000000000000E-04     1.70898437500000000000E-03
     481     1484     1.95312500000000000000E-03     6.83593750000000000000E-03
     482     1365     9.76562500000000000000E-04     3.41796875000000000000E-03
     483     1410     9.76562500000000000000E-04     3.41796875000000000000E-03
