DIAGNOSTIC DUMP FOR TARGET: YY2553244
sire_idx=4838  dam_idx=4666
dot(anc_s,anc_d)=    5.75690977275371551514E-02
ancestor list (index, anc_id, val_s):
       1     4838     1.00000000000000000000E+00
       2     4260     5.00000000000000000000E-01
       3     4154     5.00000000000000000000E-01
       4     3633     2.50000000000000000000E-01
       5     2998     2.50000000000000000000E-01
       6     2823     1.25000000000000000000E-01
       7     2719     1.25000000000000000000E-01
       8     2442     6.25000000000000000000E-02
       9     2636     6.25000000000000000000E-02
      10     2248     3.12500000000000000000E-02
      11     2378     3.12500000000000000000E-02
      12     2074     2.34375000000000000000E-02
      13     2295     1.56250000000000000000E-02
      14     2164     7.81250000000000000000E-03
      15     2170     7.81250000000000000000E-03
      16     1307     4.88281250000000000000E-03
      17     1326     7.81250000000000000000E-03
      18     1209     3.02734375000000000000E-02
      19     1219     3.90625000000000000000E-03
      20     1064     3.29589843750000000000E-02
      21     1055     1.51367187500000000000E-02
      22     1044     1.64794921875000000000E-02
      23     1018     1.64794921875000000000E-02
      24     1146     2.44140625000000000000E-03
      25     1147     2.44140625000000000000E-03
      26     1396     1.95312500000000000000E-02
      27     1338     5.85937500000000000000E-03
      28     1162     2.92968750000000000000E-03
      29     1251     2.92968750000000000000E-03
      30     1153     9.76562500000000000000E-03
      31     1135     4.88281250000000000000E-03
      32     1088     6.34765625000000000000E-03
      33     1927     1.17187500000000000000E-02
      34     1946     1.17187500000000000000E-02
      35     1678     5.85937500000000000000E-03
      36     1844     5.85937500000000000000E-03
      37     1227     2.51464843750000000000E-02
      38     1476     2.92968750000000000000E-03
      39     1117     1.25732421875000000000E-02
      40     1136     1.25732421875000000000E-02
      41     1542     4.88281250000000000000E-03
      42     1583     8.78906250000000000000E-03
      43     1116     9.64355468750000000000E-03
      44     1427     4.39453125000000000000E-03
      45     1648     2.53906250000000000000E-02
      46     1679     5.85937500000000000000E-03
      47     1580     2.92968750000000000000E-03
      48     1495     2.92968750000000000000E-03
      49     1461     2.63671875000000000000E-02
      50     1440     1.26953125000000000000E-02
      51     1185     6.34765625000000000000E-03
      52     1180     1.31835937500000000000E-02
      53     1082     1.39160156250000000000E-02
      54     1098     6.59179687500000000000E-03
      55     2073     6.25000000000000000000E-02
      56     2130     1.56250000000000000000E-02
      57     1957     7.81250000000000000000E-03
      58     1993     7.81250000000000000000E-03
      59     1735     3.90625000000000000000E-03
      60     1717     7.81250000000000000000E-03
      61     1515     3.90625000000000000000E-03
      62     1492     7.81250000000000000000E-03
      63     1456     3.90625000000000000000E-03
      64     1322     3.90625000000000000000E-03
      65     1454     1.95312500000000000000E-03
      66     1397     1.95312500000000000000E-03
      67     1262     3.41796875000000000000E-03
      68     1233     9.76562500000000000000E-04
      69     1538     1.95312500000000000000E-03
      70     1289     1.31835937500000000000E-02
      71     1408     9.76562500000000000000E-04
      72     1212     4.88281250000000000000E-04
      73     1272     5.61523437500000000000E-03
      74     1080     6.71386718750000000000E-03
      75     1103     2.80761718750000000000E-03
      76     1010     3.35693359375000000000E-03
      77     1001     3.35693359375000000000E-03
      78     1058     2.44140625000000000000E-04
      79     1073     2.44140625000000000000E-04
      80     1143     6.59179687500000000000E-03
      81     1069     3.29589843750000000000E-03
      82     1669     3.90625000000000000000E-03
      83     1753     3.90625000000000000000E-03
      84     1550     1.95312500000000000000E-03
      85     1510     1.95312500000000000000E-03
      86     1120     6.34765625000000000000E-03
      87     1364     9.76562500000000000000E-04
      88     1421     9.76562500000000000000E-04
      89     1436     3.90625000000000000000E-03
      90     1658     1.95312500000000000000E-03
      91     1554     1.95312500000000000000E-03
      92     1334     9.76562500000000000000E-04
      93     1428     9.76562500000000000000E-04
      94     1292     9.76562500000000000000E-04
      95     1385     9.76562500000000000000E-04
      96     2022     5.46875000000000000000E-02
      97     1909     3.12500000000000000000E-02
      98     1715     1.56250000000000000000E-02
      99     1823     1.56250000000000000000E-02
     100     1632     9.76562500000000000000E-03
     101     1579     7.81250000000000000000E-03
     102     1451     3.90625000000000000000E-03
     103     1378     3.90625000000000000000E-03
     104     1200     1.95312500000000000000E-03
     105     1255     1.95312500000000000000E-03
     106     1202     3.66210937500000000000E-03
     107     1246     3.66210937500000000000E-03
     108     1442     4.88281250000000000000E-03
     109     1234     2.44140625000000000000E-03
     110     1525     7.81250000000000000000E-03
     111     1599     7.81250000000000000000E-03
     112     1443     3.90625000000000000000E-03
     113     1178     1.95312500000000000000E-03
     114     1183     1.95312500000000000000E-03
     115     1352     7.81250000000000000000E-03
     116     1447     3.90625000000000000000E-03
     117     1166     7.56835937500000000000E-03
     118     1160     3.90625000000000000000E-03
     119     1764     2.73437500000000000000E-02
     120     1812     2.73437500000000000000E-02
     121     1360     1.46484375000000000000E-02
     122     1575     1.36718750000000000000E-02
     123     1287     6.83593750000000000000E-03
     124     1312     6.83593750000000000000E-03
     125     1220     7.32421875000000000000E-03
     126     1496     3.32031250000000000000E-02
     127     1528     1.36718750000000000000E-02
     128     1457     6.83593750000000000000E-03
     129     1375     6.83593750000000000000E-03
     130     1347     1.66015625000000000000E-02
     131     1441     1.66015625000000000000E-02
     132     2214     3.12500000000000000000E-02
     133     2340     3.12500000000000000000E-02
     134     2028     1.56250000000000000000E-02
     135     2112     1.56250000000000000000E-02
     136     1938     1.56250000000000000000E-02
     137     2020     7.81250000000000000000E-03
     138     1666     3.90625000000000000000E-03
     139     1700     3.90625000000000000000E-03
     140     1605     1.95312500000000000000E-03
     141     1537     1.95312500000000000000E-03
     142     1300     9.76562500000000000000E-04
     143     1141     5.37109375000000000000E-03
     144     1254     4.88281250000000000000E-04
     145     1560     3.90625000000000000000E-03
     146     1559     1.95312500000000000000E-03
     147     1290     2.44140625000000000000E-03
     148     1345     9.76562500000000000000E-04
     149     1248     4.88281250000000000000E-04
     150     1161     4.88281250000000000000E-04
     151     1208     3.17382812500000000000E-03
     152     1211     1.22070312500000000000E-03
     153     1734     7.81250000000000000000E-03
     154     1684     7.81250000000000000000E-03
     155     1524     3.90625000000000000000E-03
     156     1294     1.95312500000000000000E-03
     157     1630     3.90625000000000000000E-03
     158     1640     3.90625000000000000000E-03
     159     1277     1.95312500000000000000E-03
     160     1370     2.14843750000000000000E-02
     161     1305     1.95312500000000000000E-03
     162     1224     1.48925781250000000000E-02
     163     1256     1.07421875000000000000E-02
     164     1066     5.37109375000000000000E-03
     165     1106     7.44628906250000000000E-03
     166     1127     7.44628906250000000000E-03
     167     1914     1.56250000000000000000E-02
     168     1998     7.81250000000000000000E-03
     169     1724     3.90625000000000000000E-03
     170     1464     1.95312500000000000000E-03
     171     1644     1.95312500000000000000E-03
     172     1343     9.76562500000000000000E-04
     173     1329     9.76562500000000000000E-04
     174     1383     9.76562500000000000000E-04
     175     1424     9.76562500000000000000E-04
     176     1731     7.81250000000000000000E-03
     177     1809     7.81250000000000000000E-03
     178     1613     3.90625000000000000000E-03
     179     1649     3.90625000000000000000E-03
     180     1400     1.95312500000000000000E-03
     181     1349     1.95312500000000000000E-03
     182     1342     1.95312500000000000000E-03
     183     1148     9.76562500000000000000E-04
     184     1571     3.90625000000000000000E-03
     185     1366     2.92968750000000000000E-03
     186     1418     2.92968750000000000000E-03
     187     1265     1.46484375000000000000E-03
     188     1203     1.46484375000000000000E-03
     189     1229     1.46484375000000000000E-03
     190     1171     1.46484375000000000000E-03
     191     2071     2.34375000000000000000E-02
     192     2142     1.56250000000000000000E-02
     193     1278     7.81250000000000000000E-03
     194     1145     3.90625000000000000000E-03
     195     1105     1.95312500000000000000E-03
     196     1063     1.95312500000000000000E-03
     197     1966     1.17187500000000000000E-02
     198     1314     1.22070312500000000000E-02
     199     1747     5.85937500000000000000E-03
     200     1509     2.92968750000000000000E-03
     201     1622     2.92968750000000000000E-03
     202     1242     6.10351562500000000000E-03
     203     1149     6.10351562500000000000E-03
     204     2494     9.37500000000000000000E-02
     205     2458     6.25000000000000000000E-02
     206     1913     4.29687500000000000000E-02
     207     2038     3.12500000000000000000E-02
     208     1748     1.56250000000000000000E-02
     209     1955     1.56250000000000000000E-02
     210     1399     9.27734375000000000000E-03
     211     1662     7.81250000000000000000E-03
     212     1505     3.90625000000000000000E-03
     213     1531     3.90625000000000000000E-03
     214     1154     6.10351562500000000000E-03
     215     1603     1.36718750000000000000E-02
     216     1574     7.81250000000000000000E-03
     217     1363     3.90625000000000000000E-03
     218     1344     3.90625000000000000000E-03
     219     1330     6.83593750000000000000E-03
     220     1836     2.14843750000000000000E-02
     221     1802     2.53906250000000000000E-02
     222     1517     1.26953125000000000000E-02
     223     1416     6.34765625000000000000E-03
     224     1654     2.05078125000000000000E-02
     225     1595     1.07421875000000000000E-02
     226     1285     5.37109375000000000000E-03
     227     1350     1.02539062500000000000E-02
     228     1213     5.12695312500000000000E-03
     229     2292     4.68750000000000000000E-02
     230     2145     2.34375000000000000000E-02
     231     2047     2.34375000000000000000E-02
     232     2026     1.17187500000000000000E-02
     233     1983     1.17187500000000000000E-02
     234     1663     5.85937500000000000000E-03
     235     1833     5.85937500000000000000E-03
     236     1336     6.34765625000000000000E-03
     237     1520     2.92968750000000000000E-03
     238     1243     3.17382812500000000000E-03
     239     1807     5.85937500000000000000E-03
     240     1598     2.92968750000000000000E-03
     241     1990     1.17187500000000000000E-02
     242     1994     1.17187500000000000000E-02
     243     1423     7.32421875000000000000E-03
     244     1804     5.85937500000000000000E-03
     245     1628     2.92968750000000000000E-03
     246     1230     3.66210937500000000000E-03
     247     1701     5.85937500000000000000E-03
     248     3034     1.25000000000000000000E-01
     249     3340     1.25000000000000000000E-01
     250     2626     6.25000000000000000000E-02
     251     2602     6.25000000000000000000E-02
     252     2260     4.68750000000000000000E-02
     253     2291     4.68750000000000000000E-02
     254     2146     2.34375000000000000000E-02
     255     2011     1.17187500000000000000E-02
     256     1883     1.17187500000000000000E-02
     257     1846     5.85937500000000000000E-03
     258     1546     6.83593750000000000000E-03
     259     1351     3.41796875000000000000E-03
     260     1298     3.41796875000000000000E-03
     261     1680     5.85937500000000000000E-03
     262     1636     2.92968750000000000000E-03
     263     1643     2.92968750000000000000E-03
     264     2151     2.34375000000000000000E-02
     265     2156     2.34375000000000000000E-02
     266     1891     1.17187500000000000000E-02
     267     1839     5.85937500000000000000E-03
     268     1750     5.85937500000000000000E-03
     269     1597     6.83593750000000000000E-03
     270     1490     2.92968750000000000000E-03
     271     1201     4.39453125000000000000E-03
     272     1358     1.46484375000000000000E-03
     273     1417     3.41796875000000000000E-03
     274     1624     2.92968750000000000000E-03
     275     1530     2.92968750000000000000E-03
     276     1460     1.46484375000000000000E-03
     277     1362     1.46484375000000000000E-03
     278     1855     1.17187500000000000000E-02
     279     1977     1.17187500000000000000E-02
     280     1675     5.85937500000000000000E-03
     281     1774     5.85937500000000000000E-03
     282     1572     2.92968750000000000000E-03
     283     1634     2.92968750000000000000E-03
     284     1591     2.92968750000000000000E-03
     285     1470     2.92968750000000000000E-03
     286     1297     1.46484375000000000000E-03
     287     1414     1.46484375000000000000E-03
     288     1331     1.46484375000000000000E-03
     289     1697     5.85937500000000000000E-03
     290     1772     5.85937500000000000000E-03
     291     1585     2.92968750000000000000E-03
     292     1402     1.46484375000000000000E-03
     293     1321     1.46484375000000000000E-03
     294     1465     2.92968750000000000000E-03
     295     1486     2.92968750000000000000E-03
     296     1391     1.46484375000000000000E-03
     297     1282     1.46484375000000000000E-03
     298     1426     1.46484375000000000000E-03
     299     2391     3.12500000000000000000E-02
     300     2483     3.12500000000000000000E-02
     301     2300     1.56250000000000000000E-02
     302     2185     1.56250000000000000000E-02
     303     1895     7.81250000000000000000E-03
     304     1889     7.81250000000000000000E-03
     305     1777     3.90625000000000000000E-03
     306     1683     3.90625000000000000000E-03
     307     1501     1.95312500000000000000E-03
     308     1325     4.88281250000000000000E-03
     309     1158     2.44140625000000000000E-03
     310     2080     7.81250000000000000000E-03
     311     1915     3.90625000000000000000E-03
     312     1903     3.90625000000000000000E-03
     313     1746     1.95312500000000000000E-03
     314     1754     1.95312500000000000000E-03
     315     2139     1.56250000000000000000E-02
     316     2269     1.56250000000000000000E-02
     317     2177     7.81250000000000000000E-03
     318     1942     7.81250000000000000000E-03
     319     1900     3.90625000000000000000E-03
     320     1612     3.90625000000000000000E-03
     321     1275     1.95312500000000000000E-03
     322     1196     9.76562500000000000000E-04
     323     1157     9.76562500000000000000E-04
     324     1769     3.90625000000000000000E-03
     325     1696     3.90625000000000000000E-03
     326     1487     1.95312500000000000000E-03
     327     1478     1.95312500000000000000E-03
     328     1535     1.95312500000000000000E-03
     329     2012     7.81250000000000000000E-03
     330     1923     7.81250000000000000000E-03
     331     1710     3.90625000000000000000E-03
     332     1838     3.90625000000000000000E-03
     333     1627     1.95312500000000000000E-03
     334     1291     9.76562500000000000000E-04
     335     1189     4.88281250000000000000E-04
     336     1199     4.88281250000000000000E-04
     337     1614     1.95312500000000000000E-03
     338     1361     2.92968750000000000000E-03
     339     1821     3.90625000000000000000E-03
     340     1721     3.90625000000000000000E-03
     341     1518     1.95312500000000000000E-03
     342     1589     1.95312500000000000000E-03
     343     1341     9.76562500000000000000E-04
     344     1357     9.76562500000000000000E-04
     345     1359     9.76562500000000000000E-04
     346     1206     4.88281250000000000000E-04
     347     1096     2.44140625000000000000E-04
     348     1125     2.44140625000000000000E-04
     349     1172     4.88281250000000000000E-04
     350     1484     1.95312500000000000000E-03
     351     1365     9.76562500000000000000E-04
     352     1410     9.76562500000000000000E-04
     353     2904     6.25000000000000000000E-02
     354     2741     6.25000000000000000000E-02
     355     2622     3.12500000000000000000E-02
     356     2217     1.56250000000000000000E-02
     357     2347     1.56250000000000000000E-02
     358     2296     7.81250000000000000000E-03
     359     2135     3.90625000000000000000E-03
     360     1368     2.44140625000000000000E-03
     361     1205     1.22070312500000000000E-03
     362     1228     1.22070312500000000000E-03
     363     2087     7.81250000000000000000E-03
     364     1939     7.81250000000000000000E-03
     365     1970     3.90625000000000000000E-03
     366     1800     1.95312500000000000000E-03
     367     1592     9.76562500000000000000E-04
     368     1508     9.76562500000000000000E-04
     369     1729     3.90625000000000000000E-03
     370     1751     3.90625000000000000000E-03
     371     1482     1.95312500000000000000E-03
     372     1471     1.95312500000000000000E-03
     373     2641     3.12500000000000000000E-02
     374     2396     3.12500000000000000000E-02
     375     2263     1.56250000000000000000E-02
     376     2222     1.56250000000000000000E-02
     377     2090     7.81250000000000000000E-03
     378     1917     3.90625000000000000000E-03
     379     1902     7.81250000000000000000E-03
     380     2140     7.81250000000000000000E-03
     381     1898     3.90625000000000000000E-03
     382     1693     1.95312500000000000000E-03
     383     1543     9.76562500000000000000E-04
     384     1551     9.76562500000000000000E-04
     385     1685     3.90625000000000000000E-03
     386     1472     1.95312500000000000000E-03
     387     1653     1.95312500000000000000E-03
     388     1299     9.76562500000000000000E-04
     389     1175     4.88281250000000000000E-04
     390     3478     2.50000000000000000000E-01
     391     3485     2.50000000000000000000E-01
     392     3330     1.25000000000000000000E-01
     393     3079     1.25000000000000000000E-01
     394     2887     6.25000000000000000000E-02
     395     2869     6.25000000000000000000E-02
     396     2905     6.25000000000000000000E-02
     397     2768     6.25000000000000000000E-02
     398     3206     1.25000000000000000000E-01
     399     3094     1.25000000000000000000E-01
     400     2826     6.25000000000000000000E-02
     401     2854     6.25000000000000000000E-02
     402     2957     6.25000000000000000000E-02
     403     2734     6.25000000000000000000E-02
matching common ancestors (ii, anc_id, val_s, val_d):
       8     2442     6.25000000000000000000E-02     1.56250000000000000000E-02
      10     2248     3.12500000000000000000E-02     1.56250000000000000000E-02
      12     2074     2.34375000000000000000E-02     7.81250000000000000000E-03
      16     1307     4.88281250000000000000E-03     2.19726562500000000000E-03
      17     1326     7.81250000000000000000E-03     2.68554687500000000000E-03
      18     1209     3.02734375000000000000E-02     2.55126953125000000000E-02
      19     1219     3.90625000000000000000E-03     1.34277343750000000000E-03
      20     1064     3.29589843750000000000E-02     3.50952148437500000000E-02
      21     1055     1.51367187500000000000E-02     1.27563476562500000000E-02
      22     1044     1.64794921875000000000E-02     1.75476074218750000000E-02
      23     1018     1.64794921875000000000E-02     1.75476074218750000000E-02
      24     1146     2.44140625000000000000E-03     1.09863281250000000000E-03
      25     1147     2.44140625000000000000E-03     1.09863281250000000000E-03
      26     1396     1.95312500000000000000E-02     1.87988281250000000000E-02
      27     1338     5.85937500000000000000E-03     3.17382812500000000000E-03
      28     1162     2.92968750000000000000E-03     1.58691406250000000000E-03
      29     1251     2.92968750000000000000E-03     1.58691406250000000000E-03
      30     1153     9.76562500000000000000E-03     9.39941406250000000000E-03
      31     1135     4.88281250000000000000E-03     4.69970703125000000000E-03
      32     1088     6.34765625000000000000E-03     7.87353515625000000000E-03
      33     1927     1.17187500000000000000E-02     3.90625000000000000000E-03
      34     1946     1.17187500000000000000E-02     3.90625000000000000000E-03
      35     1678     5.85937500000000000000E-03     2.92968750000000000000E-03
      36     1844     5.85937500000000000000E-03     1.95312500000000000000E-03
      37     1227     2.51464843750000000000E-02     2.16064453125000000000E-02
      38     1476     2.92968750000000000000E-03     9.76562500000000000000E-04
      39     1117     1.25732421875000000000E-02     1.08032226562500000000E-02
      40     1136     1.25732421875000000000E-02     1.08032226562500000000E-02
      41     1542     4.88281250000000000000E-03     2.92968750000000000000E-03
      42     1583     8.78906250000000000000E-03     2.44140625000000000000E-03
      43     1116     9.64355468750000000000E-03     7.56835937500000000000E-03
      44     1427     4.39453125000000000000E-03     1.22070312500000000000E-03
      45     1648     2.53906250000000000000E-02     1.75781250000000000000E-02
      46     1679     5.85937500000000000000E-03     1.95312500000000000000E-03
      47     1580     2.92968750000000000000E-03     9.76562500000000000000E-04
      48     1495     2.92968750000000000000E-03     9.76562500000000000000E-04
      49     1461     2.63671875000000000000E-02     2.53906250000000000000E-02
      50     1440     1.26953125000000000000E-02     8.78906250000000000000E-03
      51     1185     6.34765625000000000000E-03     4.39453125000000000000E-03
      52     1180     1.31835937500000000000E-02     1.26953125000000000000E-02
      53     1082     1.39160156250000000000E-02     1.61132812500000000000E-02
      54     1098     6.59179687500000000000E-03     6.34765625000000000000E-03
      55     2073     6.25000000000000000000E-02     3.12500000000000000000E-02
      56     2130     1.56250000000000000000E-02     7.81250000000000000000E-03
      57     1957     7.81250000000000000000E-03     3.90625000000000000000E-03
      58     1993     7.81250000000000000000E-03     3.90625000000000000000E-03
      59     1735     3.90625000000000000000E-03     1.95312500000000000000E-03
      60     1717     7.81250000000000000000E-03     4.88281250000000000000E-03
      61     1515     3.90625000000000000000E-03     2.44140625000000000000E-03
      62     1492     7.81250000000000000000E-03     3.41796875000000000000E-03
      63     1456     3.90625000000000000000E-03     1.70898437500000000000E-03
      64     1322     3.90625000000000000000E-03     1.70898437500000000000E-03
      65     1454     1.95312500000000000000E-03     1.95312500000000000000E-03
      66     1397     1.95312500000000000000E-03     2.19726562500000000000E-03
      67     1262     3.41796875000000000000E-03     2.92968750000000000000E-03
      68     1233     9.76562500000000000000E-04     9.76562500000000000000E-04
      69     1538     1.95312500000000000000E-03     9.76562500000000000000E-04
      70     1289     1.31835937500000000000E-02     1.85546875000000000000E-02
      71     1408     9.76562500000000000000E-04     8.30078125000000000000E-03
      72     1212     4.88281250000000000000E-04     4.15039062500000000000E-03
      73     1272     5.61523437500000000000E-03     6.71386718750000000000E-03
      74     1080     6.71386718750000000000E-03     5.31005859375000000000E-03
      75     1103     2.80761718750000000000E-03     3.35693359375000000000E-03
      76     1010     3.35693359375000000000E-03     2.65502929687500000000E-03
      77     1001     3.35693359375000000000E-03     2.65502929687500000000E-03
      78     1058     2.44140625000000000000E-04     2.07519531250000000000E-03
      79     1073     2.44140625000000000000E-04     2.07519531250000000000E-03
      80     1143     6.59179687500000000000E-03     9.27734375000000000000E-03
      81     1069     3.29589843750000000000E-03     4.63867187500000000000E-03
      82     1669     3.90625000000000000000E-03     3.90625000000000000000E-03
      83     1753     3.90625000000000000000E-03     1.95312500000000000000E-03
      84     1550     1.95312500000000000000E-03     9.76562500000000000000E-04
      85     1510     1.95312500000000000000E-03     9.76562500000000000000E-04
      86     1120     6.34765625000000000000E-03     4.08935546875000000000E-03
      87     1364     9.76562500000000000000E-04     4.88281250000000000000E-04
      88     1421     9.76562500000000000000E-04     1.46484375000000000000E-03
      89     1436     3.90625000000000000000E-03     9.76562500000000000000E-04
      90     1658     1.95312500000000000000E-03     1.95312500000000000000E-03
      91     1554     1.95312500000000000000E-03     1.95312500000000000000E-03
      92     1334     9.76562500000000000000E-04     9.76562500000000000000E-04
      93     1428     9.76562500000000000000E-04     9.76562500000000000000E-04
      94     1292     9.76562500000000000000E-04     9.76562500000000000000E-04
      95     1385     9.76562500000000000000E-04     9.76562500000000000000E-04
      96     2022     5.46875000000000000000E-02     6.64062500000000000000E-02
      97     1909     3.12500000000000000000E-02     1.56250000000000000000E-02
      98     1715     1.56250000000000000000E-02     1.17187500000000000000E-02
      99     1823     1.56250000000000000000E-02     7.81250000000000000000E-03
     100     1632     9.76562500000000000000E-03     1.26953125000000000000E-02
     101     1579     7.81250000000000000000E-03     5.85937500000000000000E-03
     102     1451     3.90625000000000000000E-03     2.92968750000000000000E-03
     103     1378     3.90625000000000000000E-03     2.92968750000000000000E-03
     104     1200     1.95312500000000000000E-03     1.46484375000000000000E-03
     105     1255     1.95312500000000000000E-03     1.46484375000000000000E-03
     106     1202     3.66210937500000000000E-03     4.02832031250000000000E-03
     107     1246     3.66210937500000000000E-03     4.02832031250000000000E-03
     108     1442     4.88281250000000000000E-03     6.34765625000000000000E-03
     109     1234     2.44140625000000000000E-03     3.17382812500000000000E-03
     110     1525     7.81250000000000000000E-03     6.83593750000000000000E-03
     111     1599     7.81250000000000000000E-03     5.85937500000000000000E-03
     112     1443     3.90625000000000000000E-03     3.90625000000000000000E-03
     113     1178     1.95312500000000000000E-03     1.95312500000000000000E-03
     114     1183     1.95312500000000000000E-03     1.95312500000000000000E-03
     115     1352     7.81250000000000000000E-03     6.83593750000000000000E-03
     116     1447     3.90625000000000000000E-03     3.41796875000000000000E-03
     117     1166     7.56835937500000000000E-03     8.17871093750000000000E-03
     118     1160     3.90625000000000000000E-03     3.41796875000000000000E-03
     119     1764     2.73437500000000000000E-02     3.32031250000000000000E-02
     120     1812     2.73437500000000000000E-02     3.32031250000000000000E-02
     121     1360     1.46484375000000000000E-02     1.95312500000000000000E-02
     122     1575     1.36718750000000000000E-02     1.66015625000000000000E-02
     123     1287     6.83593750000000000000E-03     9.76562500000000000000E-03
     124     1312     6.83593750000000000000E-03     8.30078125000000000000E-03
     125     1220     7.32421875000000000000E-03     9.76562500000000000000E-03
     126     1496     3.32031250000000000000E-02     3.95507812500000000000E-02
     127     1528     1.36718750000000000000E-02     1.66015625000000000000E-02
     128     1457     6.83593750000000000000E-03     8.30078125000000000000E-03
     129     1375     6.83593750000000000000E-03     8.30078125000000000000E-03
     130     1347     1.66015625000000000000E-02     1.97753906250000000000E-02
     131     1441     1.66015625000000000000E-02     1.97753906250000000000E-02
     132     2214     3.12500000000000000000E-02     1.56250000000000000000E-02
     133     2340     3.12500000000000000000E-02     7.81250000000000000000E-03
     134     2028     1.56250000000000000000E-02     1.17187500000000000000E-02
     135     2112     1.56250000000000000000E-02     3.90625000000000000000E-03
     136     1938     1.56250000000000000000E-02     1.36718750000000000000E-02
     137     2020     7.81250000000000000000E-03     1.95312500000000000000E-03
     138     1666     3.90625000000000000000E-03     8.78906250000000000000E-03
     139     1700     3.90625000000000000000E-03     8.78906250000000000000E-03
     140     1605     1.95312500000000000000E-03     4.39453125000000000000E-03
     141     1537     1.95312500000000000000E-03     4.39453125000000000000E-03
     142     1300     9.76562500000000000000E-04     2.19726562500000000000E-03
     143     1141     5.37109375000000000000E-03     5.00488281250000000000E-03
     144     1254     4.88281250000000000000E-04     1.09863281250000000000E-03
     145     1560     3.90625000000000000000E-03     6.34765625000000000000E-03
     146     1559     1.95312500000000000000E-03     4.39453125000000000000E-03
     147     1290     2.44140625000000000000E-03     6.34765625000000000000E-03
     148     1345     9.76562500000000000000E-04     2.19726562500000000000E-03
     149     1248     4.88281250000000000000E-04     1.09863281250000000000E-03
     150     1161     4.88281250000000000000E-04     1.09863281250000000000E-03
     151     1208     3.17382812500000000000E-03     4.15039062500000000000E-03
     152     1211     1.22070312500000000000E-03     3.17382812500000000000E-03
     153     1734     7.81250000000000000000E-03     6.83593750000000000000E-03
     154     1684     7.81250000000000000000E-03     6.83593750000000000000E-03
     155     1524     3.90625000000000000000E-03     3.41796875000000000000E-03
     156     1294     1.95312500000000000000E-03     1.70898437500000000000E-03
     157     1630     3.90625000000000000000E-03     3.41796875000000000000E-03
     158     1640     3.90625000000000000000E-03     3.41796875000000000000E-03
     159     1277     1.95312500000000000000E-03     1.70898437500000000000E-03
     160     1370     2.14843750000000000000E-02     1.44042968750000000000E-02
     161     1305     1.95312500000000000000E-03     1.70898437500000000000E-03
     162     1224     1.48925781250000000000E-02     1.25732421875000000000E-02
     163     1256     1.07421875000000000000E-02     7.20214843750000000000E-03
     164     1066     5.37109375000000000000E-03     3.60107421875000000000E-03
     165     1106     7.44628906250000000000E-03     6.28662109375000000000E-03
     166     1127     7.44628906250000000000E-03     6.28662109375000000000E-03
     167     1914     1.56250000000000000000E-02     1.36718750000000000000E-02
     168     1998     7.81250000000000000000E-03     5.85937500000000000000E-03
     169     1724     3.90625000000000000000E-03     3.90625000000000000000E-03
     170     1464     1.95312500000000000000E-03     2.92968750000000000000E-03
     171     1644     1.95312500000000000000E-03     1.95312500000000000000E-03
     172     1343     9.76562500000000000000E-04     1.95312500000000000000E-03
     173     1329     9.76562500000000000000E-04     9.76562500000000000000E-04
     174     1383     9.76562500000000000000E-04     1.46484375000000000000E-03
     175     1424     9.76562500000000000000E-04     1.46484375000000000000E-03
     176     1731     7.81250000000000000000E-03     6.83593750000000000000E-03
     177     1809     7.81250000000000000000E-03     6.83593750000000000000E-03
     178     1613     3.90625000000000000000E-03     3.41796875000000000000E-03
     179     1649     3.90625000000000000000E-03     3.41796875000000000000E-03
     180     1400     1.95312500000000000000E-03     1.70898437500000000000E-03
     181     1349     1.95312500000000000000E-03     2.19726562500000000000E-03
     182     1342     1.95312500000000000000E-03     1.70898437500000000000E-03
     183     1148     9.76562500000000000000E-04     1.09863281250000000000E-03
     184     1571     3.90625000000000000000E-03     3.41796875000000000000E-03
     185     1366     2.92968750000000000000E-03     4.63867187500000000000E-03
     186     1418     2.92968750000000000000E-03     4.63867187500000000000E-03
     187     1265     1.46484375000000000000E-03     2.31933593750000000000E-03
     188     1203     1.46484375000000000000E-03     2.31933593750000000000E-03
     189     1229     1.46484375000000000000E-03     2.31933593750000000000E-03
     190     1171     1.46484375000000000000E-03     2.31933593750000000000E-03
     191     2071     2.34375000000000000000E-02     1.17187500000000000000E-02
     192     2142     1.56250000000000000000E-02     7.81250000000000000000E-03
     193     1278     7.81250000000000000000E-03     3.90625000000000000000E-03
     194     1145     3.90625000000000000000E-03     1.95312500000000000000E-03
     195     1105     1.95312500000000000000E-03     9.76562500000000000000E-04
     196     1063     1.95312500000000000000E-03     9.76562500000000000000E-04
     197     1966     1.17187500000000000000E-02     5.85937500000000000000E-03
     198     1314     1.22070312500000000000E-02     1.00097656250000000000E-02
     199     1747     5.85937500000000000000E-03     2.92968750000000000000E-03
     200     1509     2.92968750000000000000E-03     1.46484375000000000000E-03
     201     1622     2.92968750000000000000E-03     1.46484375000000000000E-03
     202     1242     6.10351562500000000000E-03     5.00488281250000000000E-03
     203     1149     6.10351562500000000000E-03     5.00488281250000000000E-03
     204     2494     9.37500000000000000000E-02     1.56250000000000000000E-02
     206     1913     4.29687500000000000000E-02     3.32031250000000000000E-02
     207     2038     3.12500000000000000000E-02     3.90625000000000000000E-03
     208     1748     1.56250000000000000000E-02     3.90625000000000000000E-03
     209     1955     1.56250000000000000000E-02     1.95312500000000000000E-03
     210     1399     9.27734375000000000000E-03     8.54492187500000000000E-03
     211     1662     7.81250000000000000000E-03     9.76562500000000000000E-04
     212     1505     3.90625000000000000000E-03     4.88281250000000000000E-04
     213     1531     3.90625000000000000000E-03     4.88281250000000000000E-04
     214     1154     6.10351562500000000000E-03     7.44628906250000000000E-03
     215     1603     1.36718750000000000000E-02     1.07421875000000000000E-02
     216     1574     7.81250000000000000000E-03     1.95312500000000000000E-03
     217     1363     3.90625000000000000000E-03     9.76562500000000000000E-04
     218     1344     3.90625000000000000000E-03     9.76562500000000000000E-04
     219     1330     6.83593750000000000000E-03     5.37109375000000000000E-03
     220     1836     2.14843750000000000000E-02     1.66015625000000000000E-02
     221     1802     2.53906250000000000000E-02     2.83203125000000000000E-02
     222     1517     1.26953125000000000000E-02     1.41601562500000000000E-02
     223     1416     6.34765625000000000000E-03     7.08007812500000000000E-03
     224     1654     2.05078125000000000000E-02     1.02539062500000000000E-02
     225     1595     1.07421875000000000000E-02     8.30078125000000000000E-03
     226     1285     5.37109375000000000000E-03     4.15039062500000000000E-03
     227     1350     1.02539062500000000000E-02     5.12695312500000000000E-03
     228     1213     5.12695312500000000000E-03     2.56347656250000000000E-03
     229     2292     4.68750000000000000000E-02     7.81250000000000000000E-03
     230     2145     2.34375000000000000000E-02     3.90625000000000000000E-03
     231     2047     2.34375000000000000000E-02     3.90625000000000000000E-03
     232     2026     1.17187500000000000000E-02     1.95312500000000000000E-03
     233     1983     1.17187500000000000000E-02     1.95312500000000000000E-03
     234     1663     5.85937500000000000000E-03     9.76562500000000000000E-04
     235     1833     5.85937500000000000000E-03     9.76562500000000000000E-04
     236     1336     6.34765625000000000000E-03     8.54492187500000000000E-03
     237     1520     2.92968750000000000000E-03     3.41796875000000000000E-03
     238     1243     3.17382812500000000000E-03     4.27246093750000000000E-03
     239     1807     5.85937500000000000000E-03     9.76562500000000000000E-04
     240     1598     2.92968750000000000000E-03     4.88281250000000000000E-04
     241     1990     1.17187500000000000000E-02     1.95312500000000000000E-03
     242     1994     1.17187500000000000000E-02     1.95312500000000000000E-03
     243     1423     7.32421875000000000000E-03     9.52148437500000000000E-03
     244     1804     5.85937500000000000000E-03     6.83593750000000000000E-03
     245     1628     2.92968750000000000000E-03     3.41796875000000000000E-03
     246     1230     3.66210937500000000000E-03     4.76074218750000000000E-03
     247     1701     5.85937500000000000000E-03     9.76562500000000000000E-04
     250     2626     6.25000000000000000000E-02     3.12500000000000000000E-02
     251     2602     6.25000000000000000000E-02     1.25000000000000000000E-01
     252     2260     4.68750000000000000000E-02     7.03125000000000000000E-02
     253     2291     4.68750000000000000000E-02     7.03125000000000000000E-02
     254     2146     2.34375000000000000000E-02     3.51562500000000000000E-02
     255     2011     1.17187500000000000000E-02     1.75781250000000000000E-02
     256     1883     1.17187500000000000000E-02     1.75781250000000000000E-02
     257     1846     5.85937500000000000000E-03     8.78906250000000000000E-03
     258     1546     6.83593750000000000000E-03     7.32421875000000000000E-03
     259     1351     3.41796875000000000000E-03     3.66210937500000000000E-03
     260     1298     3.41796875000000000000E-03     3.66210937500000000000E-03
     261     1680     5.85937500000000000000E-03     8.78906250000000000000E-03
     262     1636     2.92968750000000000000E-03     4.39453125000000000000E-03
     263     1643     2.92968750000000000000E-03     4.39453125000000000000E-03
     264     2151     2.34375000000000000000E-02     4.29687500000000000000E-02
     265     2156     2.34375000000000000000E-02     5.07812500000000000000E-02
     266     1891     1.17187500000000000000E-02     2.53906250000000000000E-02
     267     1839     5.85937500000000000000E-03     1.26953125000000000000E-02
     268     1750     5.85937500000000000000E-03     1.26953125000000000000E-02
     269     1597     6.83593750000000000000E-03     1.02539062500000000000E-02
     270     1490     2.92968750000000000000E-03     8.30078125000000000000E-03
     271     1201     4.39453125000000000000E-03     7.32421875000000000000E-03
     272     1358     1.46484375000000000000E-03     4.15039062500000000000E-03
     273     1417     3.41796875000000000000E-03     5.12695312500000000000E-03
     274     1624     2.92968750000000000000E-03     6.34765625000000000000E-03
     275     1530     2.92968750000000000000E-03     7.32421875000000000000E-03
     276     1460     1.46484375000000000000E-03     3.66210937500000000000E-03
     277     1362     1.46484375000000000000E-03     3.17382812500000000000E-03
     278     1855     1.17187500000000000000E-02     2.14843750000000000000E-02
     279     1977     1.17187500000000000000E-02     2.14843750000000000000E-02
     280     1675     5.85937500000000000000E-03     1.07421875000000000000E-02
     281     1774     5.85937500000000000000E-03     1.07421875000000000000E-02
     282     1572     2.92968750000000000000E-03     6.34765625000000000000E-03
     283     1634     2.92968750000000000000E-03     5.37109375000000000000E-03
     284     1591     2.92968750000000000000E-03     5.37109375000000000000E-03
     285     1470     2.92968750000000000000E-03     5.37109375000000000000E-03
     286     1297     1.46484375000000000000E-03     2.68554687500000000000E-03
     287     1414     1.46484375000000000000E-03     2.68554687500000000000E-03
     288     1331     1.46484375000000000000E-03     2.68554687500000000000E-03
     289     1697     5.85937500000000000000E-03     1.07421875000000000000E-02
     290     1772     5.85937500000000000000E-03     1.07421875000000000000E-02
     291     1585     2.92968750000000000000E-03     5.37109375000000000000E-03
     292     1402     1.46484375000000000000E-03     2.68554687500000000000E-03
     293     1321     1.46484375000000000000E-03     2.68554687500000000000E-03
     294     1465     2.92968750000000000000E-03     5.37109375000000000000E-03
     295     1486     2.92968750000000000000E-03     5.37109375000000000000E-03
     296     1391     1.46484375000000000000E-03     2.68554687500000000000E-03
     297     1282     1.46484375000000000000E-03     2.68554687500000000000E-03
     298     1426     1.46484375000000000000E-03     2.68554687500000000000E-03
     299     2391     3.12500000000000000000E-02     1.56250000000000000000E-02
     300     2483     3.12500000000000000000E-02     1.56250000000000000000E-02
     301     2300     1.56250000000000000000E-02     7.81250000000000000000E-03
     302     2185     1.56250000000000000000E-02     7.81250000000000000000E-03
     303     1895     7.81250000000000000000E-03     5.85937500000000000000E-03
     304     1889     7.81250000000000000000E-03     5.85937500000000000000E-03
     305     1777     3.90625000000000000000E-03     2.92968750000000000000E-03
     306     1683     3.90625000000000000000E-03     2.92968750000000000000E-03
     307     1501     1.95312500000000000000E-03     1.46484375000000000000E-03
     308     1325     4.88281250000000000000E-03     2.92968750000000000000E-03
     309     1158     2.44140625000000000000E-03     1.46484375000000000000E-03
     310     2080     7.81250000000000000000E-03     3.90625000000000000000E-03
     311     1915     3.90625000000000000000E-03     1.95312500000000000000E-03
     312     1903     3.90625000000000000000E-03     1.95312500000000000000E-03
     313     1746     1.95312500000000000000E-03     9.76562500000000000000E-04
     314     1754     1.95312500000000000000E-03     9.76562500000000000000E-04
     315     2139     1.56250000000000000000E-02     7.81250000000000000000E-03
     316     2269     1.56250000000000000000E-02     7.81250000000000000000E-03
     317     2177     7.81250000000000000000E-03     3.90625000000000000000E-03
     318     1942     7.81250000000000000000E-03     1.95312500000000000000E-03
     319     1900     3.90625000000000000000E-03     1.95312500000000000000E-03
     320     1612     3.90625000000000000000E-03     9.76562500000000000000E-03
     321     1275     1.95312500000000000000E-03     4.88281250000000000000E-03
     322     1196     9.76562500000000000000E-04     2.44140625000000000000E-03
     323     1157     9.76562500000000000000E-04     2.44140625000000000000E-03
     324     1769     3.90625000000000000000E-03     9.76562500000000000000E-04
     325     1696     3.90625000000000000000E-03     9.76562500000000000000E-04
     326     1487     1.95312500000000000000E-03     4.88281250000000000000E-04
     327     1478     1.95312500000000000000E-03     4.88281250000000000000E-04
     328     1535     1.95312500000000000000E-03     4.88281250000000000000E-04
     329     2012     7.81250000000000000000E-03     3.90625000000000000000E-03
     330     1923     7.81250000000000000000E-03     3.90625000000000000000E-03
     331     1710     3.90625000000000000000E-03     1.95312500000000000000E-03
     332     1838     3.90625000000000000000E-03     1.95312500000000000000E-03
     333     1627     1.95312500000000000000E-03     2.92968750000000000000E-03
     334     1291     9.76562500000000000000E-04     1.46484375000000000000E-03
     335     1189     4.88281250000000000000E-04     7.32421875000000000000E-04
     336     1199     4.88281250000000000000E-04     7.32421875000000000000E-04
     337     1614     1.95312500000000000000E-03     9.76562500000000000000E-04
     338     1361     2.92968750000000000000E-03     1.95312500000000000000E-03
     339     1821     3.90625000000000000000E-03     1.95312500000000000000E-03
     340     1721     3.90625000000000000000E-03     1.95312500000000000000E-03
     341     1518     1.95312500000000000000E-03     9.76562500000000000000E-04
     342     1589     1.95312500000000000000E-03     9.76562500000000000000E-04
     343     1341     9.76562500000000000000E-04     4.88281250000000000000E-04
     344     1357     9.76562500000000000000E-04     4.88281250000000000000E-04
     345     1359     9.76562500000000000000E-04     4.88281250000000000000E-04
     346     1206     4.88281250000000000000E-04     1.22070312500000000000E-03
     347     1096     2.44140625000000000000E-04     6.10351562500000000000E-04
     348     1125     2.44140625000000000000E-04     6.10351562500000000000E-04
     349     1172     4.88281250000000000000E-04     2.44140625000000000000E-04
     350     1484     1.95312500000000000000E-03     9.76562500000000000000E-04
     351     1365     9.76562500000000000000E-04     4.88281250000000000000E-04
     352     1410     9.76562500000000000000E-04     4.88281250000000000000E-04
     356     2217     1.56250000000000000000E-02     7.81250000000000000000E-03
     358     2296     7.81250000000000000000E-03     7.81250000000000000000E-03
     359     2135     3.90625000000000000000E-03     3.90625000000000000000E-03
     360     1368     2.44140625000000000000E-03     2.68554687500000000000E-03
     361     1205     1.22070312500000000000E-03     1.34277343750000000000E-03
     362     1228     1.22070312500000000000E-03     1.34277343750000000000E-03
     363     2087     7.81250000000000000000E-03     3.90625000000000000000E-03
     364     1939     7.81250000000000000000E-03     1.95312500000000000000E-03
     365     1970     3.90625000000000000000E-03     1.95312500000000000000E-03
     366     1800     1.95312500000000000000E-03     9.76562500000000000000E-04
     367     1592     9.76562500000000000000E-04     1.46484375000000000000E-03
     368     1508     9.76562500000000000000E-04     4.88281250000000000000E-04
     369     1729     3.90625000000000000000E-03     9.76562500000000000000E-04
     370     1751     3.90625000000000000000E-03     9.76562500000000000000E-04
     371     1482     1.95312500000000000000E-03     4.88281250000000000000E-04
     372     1471     1.95312500000000000000E-03     4.88281250000000000000E-04
     379     1902     7.81250000000000000000E-03     2.34375000000000000000E-02
     385     1685     3.90625000000000000000E-03     1.17187500000000000000E-02
     386     1472     1.95312500000000000000E-03     5.85937500000000000000E-03
     387     1653     1.95312500000000000000E-03     5.85937500000000000000E-03
     388     1299     9.76562500000000000000E-04     2.92968750000000000000E-03
     389     1175     4.88281250000000000000E-04     1.46484375000000000000E-03
     402     2957     6.25000000000000000000E-02     6.25000000000000000000E-02
