DIAGNOSTIC DUMP FOR TARGET: YY2553091
sire_idx=5076  dam_idx=4813
dot(anc_s,anc_d)=    1.36065244674682617188E-01
ancestor list (index, anc_id, val_s):
       1     5076     1.00000000000000000000E+00
       2     4348     5.00000000000000000000E-01
       3     4301     5.00000000000000000000E-01
       4     3167     2.50000000000000000000E-01
       5     2602     2.50000000000000000000E-01
       6     2260     1.56250000000000000000E-01
       7     2291     1.56250000000000000000E-01
       8     2022     1.32812500000000000000E-01
       9     2146     7.81250000000000000000E-02
      10     2011     3.90625000000000000000E-02
      11     1883     3.90625000000000000000E-02
      12     1461     4.19921875000000000000E-02
      13     1846     1.95312500000000000000E-02
      14     1396     2.83203125000000000000E-02
      15     1546     9.76562500000000000000E-03
      16     1351     4.88281250000000000000E-03
      17     1298     4.88281250000000000000E-03
      18     1064     5.83496093750000000000E-02
      19     1153     1.41601562500000000000E-02
      20     1135     7.08007812500000000000E-03
      21     1088     1.58691406250000000000E-02
      22     1044     2.91748046875000000000E-02
      23     1018     2.91748046875000000000E-02
      24     1227     4.24804687500000000000E-02
      25     1180     2.09960937500000000000E-02
      26     1082     3.05175781250000000000E-02
      27     1098     1.04980468750000000000E-02
      28     1117     2.12402343750000000000E-02
      29     1136     2.12402343750000000000E-02
      30     1603     2.92968750000000000000E-02
      31     1680     1.95312500000000000000E-02
      32     1636     9.76562500000000000000E-03
      33     1643     9.76562500000000000000E-03
      34     1370     3.32031250000000000000E-02
      35     1330     1.46484375000000000000E-02
      36     1224     2.68554687500000000000E-02
      37     1256     1.66015625000000000000E-02
      38     1120     9.27734375000000000000E-03
      39     1066     8.30078125000000000000E-03
      40     1106     1.34277343750000000000E-02
      41     1127     1.34277343750000000000E-02
      42     1764     6.64062500000000000000E-02
      43     1812     6.64062500000000000000E-02
      44     1360     4.00390625000000000000E-02
      45     1575     3.32031250000000000000E-02
      46     1287     1.75781250000000000000E-02
      47     1312     1.66015625000000000000E-02
      48     1220     2.00195312500000000000E-02
      49     1496     7.61718750000000000000E-02
      50     1528     3.32031250000000000000E-02
      51     1457     1.66015625000000000000E-02
      52     1375     1.66015625000000000000E-02
      53     1347     3.80859375000000000000E-02
      54     1441     3.80859375000000000000E-02
      55     2151     7.81250000000000000000E-02
      56     2156     7.81250000000000000000E-02
      57     1913     4.68750000000000000000E-02
      58     1891     3.90625000000000000000E-02
      59     1839     1.95312500000000000000E-02
      60     1750     1.95312500000000000000E-02
      61     1597     9.76562500000000000000E-03
      62     1490     9.76562500000000000000E-03
      63     1201     8.30078125000000000000E-03
      64     1358     4.88281250000000000000E-03
      65     1336     1.26953125000000000000E-02
      66     1417     4.88281250000000000000E-03
      67     1202     4.88281250000000000000E-03
      68     1246     4.88281250000000000000E-03
      69     1243     6.34765625000000000000E-03
      70     1624     9.76562500000000000000E-03
      71     1530     9.76562500000000000000E-03
      72     1460     4.88281250000000000000E-03
      73     1290     9.76562500000000000000E-03
      74     1362     4.88281250000000000000E-03
      75     1208     4.88281250000000000000E-03
      76     1211     4.88281250000000000000E-03
      77     1836     2.34375000000000000000E-02
      78     1802     5.07812500000000000000E-02
      79     1517     2.53906250000000000000E-02
      80     1314     1.46484375000000000000E-02
      81     1416     1.26953125000000000000E-02
      82     1242     7.32421875000000000000E-03
      83     1149     7.32421875000000000000E-03
      84     1654     2.73437500000000000000E-02
      85     1595     1.17187500000000000000E-02
      86     1209     4.73632812500000000000E-02
      87     1285     5.85937500000000000000E-03
      88     1055     2.36816406250000000000E-02
      89     1289     3.12500000000000000000E-02
      90     1350     1.36718750000000000000E-02
      91     1213     6.83593750000000000000E-03
      92     1272     1.12304687500000000000E-02
      93     1080     7.56835937500000000000E-03
      94     1103     5.61523437500000000000E-03
      95     1010     3.78417968750000000000E-03
      96     1001     3.78417968750000000000E-03
      97     1143     1.56250000000000000000E-02
      98     1116     1.85546875000000000000E-02
      99     1069     7.81250000000000000000E-03
     100     1855     3.90625000000000000000E-02
     101     1977     3.90625000000000000000E-02
     102     1675     1.95312500000000000000E-02
     103     1774     1.95312500000000000000E-02
     104     1572     1.75781250000000000000E-02
     105     1634     9.76562500000000000000E-03
     106     1154     1.17187500000000000000E-02
     107     1591     9.76562500000000000000E-03
     108     1470     9.76562500000000000000E-03
     109     1423     2.05078125000000000000E-02
     110     1297     4.88281250000000000000E-03
     111     1166     1.75781250000000000000E-02
     112     1230     1.02539062500000000000E-02
     113     1414     4.88281250000000000000E-03
     114     1331     4.88281250000000000000E-03
     115     1697     1.95312500000000000000E-02
     116     1772     1.95312500000000000000E-02
     117     1585     9.76562500000000000000E-03
     118     1402     4.88281250000000000000E-03
     119     1321     4.88281250000000000000E-03
     120     1465     9.76562500000000000000E-03
     121     1486     9.76562500000000000000E-03
     122     1399     1.17187500000000000000E-02
     123     1391     4.88281250000000000000E-03
     124     1282     4.88281250000000000000E-03
     125     1426     4.88281250000000000000E-03
     126     2886     1.25000000000000000000E-01
     127     2897     1.25000000000000000000E-01
     128     2432     6.25000000000000000000E-02
     129     2662     6.25000000000000000000E-02
     130     2447     3.12500000000000000000E-02
     131     2427     3.12500000000000000000E-02
     132     2215     4.68750000000000000000E-02
     133     2267     1.56250000000000000000E-02
     134     2118     7.81250000000000000000E-03
     135     2085     7.81250000000000000000E-03
     136     1916     3.90625000000000000000E-03
     137     1963     3.90625000000000000000E-03
     138     1206     1.95312500000000000000E-03
     139     1096     9.76562500000000000000E-04
     140     1125     9.76562500000000000000E-04
     141     1724     1.75781250000000000000E-02
     142     1686     1.95312500000000000000E-03
     143     1464     1.46484375000000000000E-02
     144     1644     8.78906250000000000000E-03
     145     1343     7.32421875000000000000E-03
     146     1329     4.39453125000000000000E-03
     147     1383     7.32421875000000000000E-03
     148     1424     7.32421875000000000000E-03
     149     1975     3.90625000000000000000E-03
     150     1922     3.90625000000000000000E-03
     151     1789     1.95312500000000000000E-03
     152     1790     1.95312500000000000000E-03
     153     1262     6.34765625000000000000E-03
     154     1493     9.76562500000000000000E-04
     155     1516     9.76562500000000000000E-04
     156     1468     9.76562500000000000000E-04
     157     1406     4.88281250000000000000E-04
     158     1313     4.88281250000000000000E-04
     159     1169     2.44140625000000000000E-04
     160     1252     2.44140625000000000000E-04
     161     1525     1.75781250000000000000E-02
     162     1757     1.95312500000000000000E-03
     163     1325     2.92968750000000000000E-03
     164     1158     1.46484375000000000000E-03
     165     1352     1.46484375000000000000E-02
     166     1447     8.78906250000000000000E-03
     167     1160     7.32421875000000000000E-03
     168     1938     2.34375000000000000000E-02
     169     2189     2.34375000000000000000E-02
     170     1876     1.17187500000000000000E-02
     171     1857     1.17187500000000000000E-02
     172     1805     5.85937500000000000000E-03
     173     1454     7.81250000000000000000E-03
     174     1587     2.92968750000000000000E-03
     175     1233     3.90625000000000000000E-03
     176     1560     9.76562500000000000000E-03
     177     1781     5.85937500000000000000E-03
     178     1523     2.92968750000000000000E-03
     179     1557     2.92968750000000000000E-03
     180     1338     4.88281250000000000000E-03
     181     1162     2.44140625000000000000E-03
     182     1251     2.44140625000000000000E-03
     183     1734     1.17187500000000000000E-02
     184     1684     1.17187500000000000000E-02
     185     1524     5.85937500000000000000E-03
     186     1294     2.92968750000000000000E-03
     187     1630     5.85937500000000000000E-03
     188     1640     5.85937500000000000000E-03
     189     1277     2.92968750000000000000E-03
     190     1305     2.92968750000000000000E-03
     191     2214     1.56250000000000000000E-02
     192     2243     1.56250000000000000000E-02
     193     2038     7.81250000000000000000E-03
     194     1748     1.95312500000000000000E-02
     195     1955     3.90625000000000000000E-03
     196     1662     1.95312500000000000000E-03
     197     1505     9.76562500000000000000E-04
     198     1531     9.76562500000000000000E-04
     199     1574     9.76562500000000000000E-03
     200     1363     4.88281250000000000000E-03
     201     1344     4.88281250000000000000E-03
     202     2071     7.81250000000000000000E-03
     203     2142     7.81250000000000000000E-03
     204     1278     3.90625000000000000000E-03
     205     1145     1.95312500000000000000E-03
     206     1105     9.76562500000000000000E-04
     207     1063     9.76562500000000000000E-04
     208     1648     2.34375000000000000000E-02
     209     1966     3.90625000000000000000E-03
     210     1747     1.95312500000000000000E-03
     211     1509     9.76562500000000000000E-04
     212     1622     9.76562500000000000000E-04
     213     1440     1.17187500000000000000E-02
     214     1185     5.85937500000000000000E-03
     215     2248     3.12500000000000000000E-02
     216     2250     3.12500000000000000000E-02
     217     2074     3.12500000000000000000E-02
     218     2076     1.56250000000000000000E-02
     219     1854     7.81250000000000000000E-03
     220     2025     7.81250000000000000000E-03
     221     1808     3.90625000000000000000E-03
     222     1421     2.92968750000000000000E-03
     223     1397     6.83593750000000000000E-03
     224     1797     3.90625000000000000000E-03
     225     1714     3.90625000000000000000E-03
     226     1567     1.95312500000000000000E-03
     227     1466     1.95312500000000000000E-03
     228     1592     1.95312500000000000000E-03
     229     1647     1.95312500000000000000E-03
     230     1368     9.76562500000000000000E-04
     231     1205     4.88281250000000000000E-04
     232     1228     4.88281250000000000000E-04
     233     1927     1.56250000000000000000E-02
     234     1946     1.56250000000000000000E-02
     235     1678     7.81250000000000000000E-03
     236     1844     7.81250000000000000000E-03
     237     1476     3.90625000000000000000E-03
     238     1542     3.90625000000000000000E-03
     239     1583     1.56250000000000000000E-02
     240     1427     7.81250000000000000000E-03
     241     1679     7.81250000000000000000E-03
     242     1580     3.90625000000000000000E-03
     243     1495     3.90625000000000000000E-03
     244     2073     7.81250000000000000000E-02
     245     2130     1.56250000000000000000E-02
     246     1957     7.81250000000000000000E-03
     247     1993     7.81250000000000000000E-03
     248     1735     3.90625000000000000000E-03
     249     1717     1.95312500000000000000E-02
     250     1515     9.76562500000000000000E-03
     251     1492     1.36718750000000000000E-02
     252     1456     6.83593750000000000000E-03
     253     1322     6.83593750000000000000E-03
     254     1538     1.95312500000000000000E-03
     255     1408     8.78906250000000000000E-03
     256     1212     4.39453125000000000000E-03
     257     1058     2.19726562500000000000E-03
     258     1073     2.19726562500000000000E-03
     259     1669     1.95312500000000000000E-02
     260     1753     3.90625000000000000000E-03
     261     1550     1.95312500000000000000E-03
     262     1510     1.95312500000000000000E-03
     263     1364     9.76562500000000000000E-04
     264     1436     6.83593750000000000000E-03
     265     1658     9.76562500000000000000E-03
     266     1554     9.76562500000000000000E-03
     267     1334     4.88281250000000000000E-03
     268     1428     4.88281250000000000000E-03
     269     1292     4.88281250000000000000E-03
     270     1385     4.88281250000000000000E-03
     271     1909     3.90625000000000000000E-02
     272     1715     3.12500000000000000000E-02
     273     1823     1.95312500000000000000E-02
     274     1632     1.75781250000000000000E-02
     275     1579     9.76562500000000000000E-03
     276     1451     4.88281250000000000000E-03
     277     1378     4.88281250000000000000E-03
     278     1200     2.44140625000000000000E-03
     279     1255     2.44140625000000000000E-03
     280     1442     8.78906250000000000000E-03
     281     1234     4.39453125000000000000E-03
     282     1599     1.56250000000000000000E-02
     283     1443     7.81250000000000000000E-03
     284     1178     3.90625000000000000000E-03
     285     1183     3.90625000000000000000E-03
     286     2379     6.25000000000000000000E-02
     287     2582     6.25000000000000000000E-02
     288     2213     3.12500000000000000000E-02
     289     2198     3.12500000000000000000E-02
     290     2171     1.56250000000000000000E-02
     291     1612     7.81250000000000000000E-03
     292     1275     3.90625000000000000000E-03
     293     1196     1.95312500000000000000E-03
     294     1157     1.95312500000000000000E-03
     295     2035     4.68750000000000000000E-02
     296     2119     1.56250000000000000000E-02
     297     1951     2.34375000000000000000E-02
     298     1989     2.34375000000000000000E-02
     299     1779     1.17187500000000000000E-02
     300     1617     5.85937500000000000000E-03
     301     1432     2.92968750000000000000E-03
     302     1309     2.92968750000000000000E-03
     303     1235     1.46484375000000000000E-03
     304     1179     1.46484375000000000000E-03
     305     1186     1.46484375000000000000E-03
     306     1140     1.46484375000000000000E-03
     307     1816     1.17187500000000000000E-02
     308     1659     5.85937500000000000000E-03
     309     1637     5.85937500000000000000E-03
     310     1348     2.92968750000000000000E-03
     311     1379     2.92968750000000000000E-03
     312     1902     5.46875000000000000000E-02
     313     1896     2.34375000000000000000E-02
     314     1832     1.17187500000000000000E-02
     315     1847     1.17187500000000000000E-02
     316     1481     5.85937500000000000000E-03
     317     1627     5.85937500000000000000E-03
     318     1291     2.92968750000000000000E-03
     319     1189     1.46484375000000000000E-03
     320     1199     1.46484375000000000000E-03
     321     1361     4.88281250000000000000E-03
     322     1311     2.92968750000000000000E-03
     323     1563     5.85937500000000000000E-03
     324     1590     5.85937500000000000000E-03
     325     1280     2.92968750000000000000E-03
     326     1459     2.92968750000000000000E-03
     327     1381     2.92968750000000000000E-03
     328     1685     2.73437500000000000000E-02
     329     1472     1.36718750000000000000E-02
     330     1653     1.36718750000000000000E-02
     331     1366     1.07421875000000000000E-02
     332     1418     1.07421875000000000000E-02
     333     1265     5.37109375000000000000E-03
     334     1203     5.37109375000000000000E-03
     335     1229     5.37109375000000000000E-03
     336     1171     5.37109375000000000000E-03
     337     1299     6.83593750000000000000E-03
     338     1175     3.41796875000000000000E-03
     339     2325     3.12500000000000000000E-02
     340     2238     3.12500000000000000000E-02
     341     2165     1.56250000000000000000E-02
     342     1666     7.81250000000000000000E-03
     343     1700     7.81250000000000000000E-03
     344     1605     3.90625000000000000000E-03
     345     1537     3.90625000000000000000E-03
     346     1300     1.95312500000000000000E-03
     347     1141     1.07421875000000000000E-02
     348     1254     9.76562500000000000000E-04
     349     1307     1.95312500000000000000E-03
     350     1326     7.81250000000000000000E-03
     351     1219     3.90625000000000000000E-03
     352     1146     9.76562500000000000000E-04
     353     1147     9.76562500000000000000E-04
     354     1559     3.90625000000000000000E-03
     355     1345     1.95312500000000000000E-03
     356     1248     9.76562500000000000000E-04
     357     1161     9.76562500000000000000E-04
     358     2168     1.56250000000000000000E-02
     359     2175     1.56250000000000000000E-02
     360     1988     7.81250000000000000000E-03
     361     1972     7.81250000000000000000E-03
     362     1804     1.56250000000000000000E-02
     363     1628     7.81250000000000000000E-03
     364     1834     3.90625000000000000000E-03
     365     1829     3.90625000000000000000E-03
     366     1529     1.95312500000000000000E-03
     367     1276     9.76562500000000000000E-04
     368     1520     7.81250000000000000000E-03
     369     3276     2.50000000000000000000E-01
     370     2729     2.50000000000000000000E-01
     371     2494     1.25000000000000000000E-01
     372     2627     1.25000000000000000000E-01
     373     2028     6.25000000000000000000E-02
     374     2124     6.25000000000000000000E-02
     375     2002     3.12500000000000000000E-02
     376     1954     3.12500000000000000000E-02
     377     1712     1.56250000000000000000E-02
     378     1544     7.81250000000000000000E-03
     379     1349     7.81250000000000000000E-03
     380     1411     3.90625000000000000000E-03
     381     1148     3.90625000000000000000E-03
     382     1811     1.56250000000000000000E-02
     383     1497     7.81250000000000000000E-03
     384     1578     7.81250000000000000000E-03
     385     1413     3.90625000000000000000E-03
     386     1281     3.90625000000000000000E-03
     387     1296     3.90625000000000000000E-03
     388     1317     3.90625000000000000000E-03
     389     1914     3.12500000000000000000E-02
     390     1998     3.12500000000000000000E-02
     391     1731     1.56250000000000000000E-02
     392     1809     1.56250000000000000000E-02
     393     1613     7.81250000000000000000E-03
     394     1649     7.81250000000000000000E-03
     395     1400     3.90625000000000000000E-03
     396     1342     3.90625000000000000000E-03
     397     1571     7.81250000000000000000E-03
     398     2292     9.37500000000000000000E-02
     399     2145     4.68750000000000000000E-02
     400     2047     4.68750000000000000000E-02
     401     2026     2.34375000000000000000E-02
     402     1983     2.34375000000000000000E-02
     403     1663     1.17187500000000000000E-02
     404     1833     1.17187500000000000000E-02
     405     1807     1.17187500000000000000E-02
     406     1598     5.85937500000000000000E-03
     407     1990     2.34375000000000000000E-02
     408     1994     2.34375000000000000000E-02
     409     1701     1.17187500000000000000E-02
     410     2904     1.25000000000000000000E-01
     411     2945     1.25000000000000000000E-01
     412     2365     6.25000000000000000000E-02
     413     2514     6.25000000000000000000E-02
     414     2352     3.12500000000000000000E-02
     415     2641     6.25000000000000000000E-02
     416     2396     6.25000000000000000000E-02
     417     2263     3.12500000000000000000E-02
     418     2222     3.12500000000000000000E-02
     419     2090     1.56250000000000000000E-02
     420     1939     7.81250000000000000000E-03
     421     1917     7.81250000000000000000E-03
     422     1729     3.90625000000000000000E-03
     423     1751     3.90625000000000000000E-03
     424     1482     1.95312500000000000000E-03
     425     1471     1.95312500000000000000E-03
     426     2140     1.56250000000000000000E-02
     427     1942     7.81250000000000000000E-03
     428     1898     7.81250000000000000000E-03
     429     1693     3.90625000000000000000E-03
     430     1543     1.95312500000000000000E-03
     431     1551     1.95312500000000000000E-03
     432     1769     3.90625000000000000000E-03
     433     1696     3.90625000000000000000E-03
     434     1487     1.95312500000000000000E-03
     435     1478     1.95312500000000000000E-03
     436     1535     1.95312500000000000000E-03
matching common ancestors (ii, anc_id, val_s, val_d):
       6     2260     1.56250000000000000000E-01     6.25000000000000000000E-02
       8     2022     1.32812500000000000000E-01     6.25000000000000000000E-02
      12     1461     4.19921875000000000000E-02     3.71093750000000000000E-02
      14     1396     2.83203125000000000000E-02     2.92968750000000000000E-02
      15     1546     9.76562500000000000000E-03     3.90625000000000000000E-03
      16     1351     4.88281250000000000000E-03     1.95312500000000000000E-03
      17     1298     4.88281250000000000000E-03     1.95312500000000000000E-03
      18     1064     5.83496093750000000000E-02     7.08007812500000000000E-02
      19     1153     1.41601562500000000000E-02     1.46484375000000000000E-02
      20     1135     7.08007812500000000000E-03     7.32421875000000000000E-03
      21     1088     1.58691406250000000000E-02     1.22070312500000000000E-02
      22     1044     2.91748046875000000000E-02     3.54003906250000000000E-02
      23     1018     2.91748046875000000000E-02     3.54003906250000000000E-02
      24     1227     4.24804687500000000000E-02     3.71093750000000000000E-02
      25     1180     2.09960937500000000000E-02     1.85546875000000000000E-02
      26     1082     3.05175781250000000000E-02     2.09960937500000000000E-02
      27     1098     1.04980468750000000000E-02     9.27734375000000000000E-03
      28     1117     2.12402343750000000000E-02     1.85546875000000000000E-02
      29     1136     2.12402343750000000000E-02     1.85546875000000000000E-02
      30     1603     2.92968750000000000000E-02     1.75781250000000000000E-02
      32     1636     9.76562500000000000000E-03     3.90625000000000000000E-03
      34     1370     3.32031250000000000000E-02     2.63671875000000000000E-02
      35     1330     1.46484375000000000000E-02     8.78906250000000000000E-03
      36     1224     2.68554687500000000000E-02     2.92968750000000000000E-02
      37     1256     1.66015625000000000000E-02     1.31835937500000000000E-02
      38     1120     9.27734375000000000000E-03     8.54492187500000000000E-03
      39     1066     8.30078125000000000000E-03     6.59179687500000000000E-03
      40     1106     1.34277343750000000000E-02     1.46484375000000000000E-02
      41     1127     1.34277343750000000000E-02     1.46484375000000000000E-02
      42     1764     6.64062500000000000000E-02     3.12500000000000000000E-02
      43     1812     6.64062500000000000000E-02     3.12500000000000000000E-02
      44     1360     4.00390625000000000000E-02     1.95312500000000000000E-02
      45     1575     3.32031250000000000000E-02     1.56250000000000000000E-02
      46     1287     1.75781250000000000000E-02     8.78906250000000000000E-03
      47     1312     1.66015625000000000000E-02     7.81250000000000000000E-03
      48     1220     2.00195312500000000000E-02     9.76562500000000000000E-03
      49     1496     7.61718750000000000000E-02     5.07812500000000000000E-02
      50     1528     3.32031250000000000000E-02     1.56250000000000000000E-02
      51     1457     1.66015625000000000000E-02     7.81250000000000000000E-03
      52     1375     1.66015625000000000000E-02     7.81250000000000000000E-03
      53     1347     3.80859375000000000000E-02     2.53906250000000000000E-02
      54     1441     3.80859375000000000000E-02     2.53906250000000000000E-02
      55     2151     7.81250000000000000000E-02     3.12500000000000000000E-02
      56     2156     7.81250000000000000000E-02     3.12500000000000000000E-02
      57     1913     4.68750000000000000000E-02     4.68750000000000000000E-02
      58     1891     3.90625000000000000000E-02     1.56250000000000000000E-02
      59     1839     1.95312500000000000000E-02     7.81250000000000000000E-03
      60     1750     1.95312500000000000000E-02     7.81250000000000000000E-03
      61     1597     9.76562500000000000000E-03     1.95312500000000000000E-02
      62     1490     9.76562500000000000000E-03     3.90625000000000000000E-03
      63     1201     8.30078125000000000000E-03     1.07421875000000000000E-02
      64     1358     4.88281250000000000000E-03     1.95312500000000000000E-03
      65     1336     1.26953125000000000000E-02     2.34375000000000000000E-02
      66     1417     4.88281250000000000000E-03     9.76562500000000000000E-03
      67     1202     4.88281250000000000000E-03     9.76562500000000000000E-03
      68     1246     4.88281250000000000000E-03     9.76562500000000000000E-03
      69     1243     6.34765625000000000000E-03     1.17187500000000000000E-02
      70     1624     9.76562500000000000000E-03     3.90625000000000000000E-03
      71     1530     9.76562500000000000000E-03     3.90625000000000000000E-03
      72     1460     4.88281250000000000000E-03     1.95312500000000000000E-03
      73     1290     9.76562500000000000000E-03     9.76562500000000000000E-03
      74     1362     4.88281250000000000000E-03     1.95312500000000000000E-03
      75     1208     4.88281250000000000000E-03     6.83593750000000000000E-03
      76     1211     4.88281250000000000000E-03     4.88281250000000000000E-03
      77     1836     2.34375000000000000000E-02     3.12500000000000000000E-02
      78     1802     5.07812500000000000000E-02     3.90625000000000000000E-02
      79     1517     2.53906250000000000000E-02     1.95312500000000000000E-02
      80     1314     1.46484375000000000000E-02     1.17187500000000000000E-02
      81     1416     1.26953125000000000000E-02     9.76562500000000000000E-03
      82     1242     7.32421875000000000000E-03     9.76562500000000000000E-03
      83     1149     7.32421875000000000000E-03     5.85937500000000000000E-03
      84     1654     2.73437500000000000000E-02     4.68750000000000000000E-02
      85     1595     1.17187500000000000000E-02     1.56250000000000000000E-02
      86     1209     4.73632812500000000000E-02     7.32421875000000000000E-02
      87     1285     5.85937500000000000000E-03     7.81250000000000000000E-03
      88     1055     2.36816406250000000000E-02     3.66210937500000000000E-02
      89     1289     3.12500000000000000000E-02     3.51562500000000000000E-02
      90     1350     1.36718750000000000000E-02     2.34375000000000000000E-02
      91     1213     6.83593750000000000000E-03     1.17187500000000000000E-02
      92     1272     1.12304687500000000000E-02     1.66015625000000000000E-02
      93     1080     7.56835937500000000000E-03     1.22070312500000000000E-02
      94     1103     5.61523437500000000000E-03     8.30078125000000000000E-03
      95     1010     3.78417968750000000000E-03     7.08007812500000000000E-03
      96     1001     3.78417968750000000000E-03     6.10351562500000000000E-03
      97     1143     1.56250000000000000000E-02     1.75781250000000000000E-02
      98     1116     1.85546875000000000000E-02     1.85546875000000000000E-02
      99     1069     7.81250000000000000000E-03     8.78906250000000000000E-03
     100     1855     3.90625000000000000000E-02     1.56250000000000000000E-02
     101     1977     3.90625000000000000000E-02     1.56250000000000000000E-02
     102     1675     1.95312500000000000000E-02     7.81250000000000000000E-03
     103     1774     1.95312500000000000000E-02     7.81250000000000000000E-03
     104     1572     1.75781250000000000000E-02     9.76562500000000000000E-03
     105     1634     9.76562500000000000000E-03     3.90625000000000000000E-03
     106     1154     1.17187500000000000000E-02     6.83593750000000000000E-03
     107     1591     9.76562500000000000000E-03     3.90625000000000000000E-03
     108     1470     9.76562500000000000000E-03     3.90625000000000000000E-03
     109     1423     2.05078125000000000000E-02     1.36718750000000000000E-02
     110     1297     4.88281250000000000000E-03     1.95312500000000000000E-03
     111     1166     1.75781250000000000000E-02     1.56250000000000000000E-02
     112     1230     1.02539062500000000000E-02     6.83593750000000000000E-03
     113     1414     4.88281250000000000000E-03     5.85937500000000000000E-03
     114     1331     4.88281250000000000000E-03     5.85937500000000000000E-03
     115     1697     1.95312500000000000000E-02     7.81250000000000000000E-03
     116     1772     1.95312500000000000000E-02     7.81250000000000000000E-03
     117     1585     9.76562500000000000000E-03     3.90625000000000000000E-03
     118     1402     4.88281250000000000000E-03     1.95312500000000000000E-03
     119     1321     4.88281250000000000000E-03     1.95312500000000000000E-03
     120     1465     9.76562500000000000000E-03     3.90625000000000000000E-03
     121     1486     9.76562500000000000000E-03     3.90625000000000000000E-03
     122     1399     1.17187500000000000000E-02     9.76562500000000000000E-03
     123     1391     4.88281250000000000000E-03     1.95312500000000000000E-03
     124     1282     4.88281250000000000000E-03     1.95312500000000000000E-03
     125     1426     4.88281250000000000000E-03     1.95312500000000000000E-03
     138     1206     1.95312500000000000000E-03     4.88281250000000000000E-03
     139     1096     9.76562500000000000000E-04     2.44140625000000000000E-03
     140     1125     9.76562500000000000000E-04     2.44140625000000000000E-03
     141     1724     1.75781250000000000000E-02     3.90625000000000000000E-03
     143     1464     1.46484375000000000000E-02     1.95312500000000000000E-03
     144     1644     8.78906250000000000000E-03     1.95312500000000000000E-03
     145     1343     7.32421875000000000000E-03     2.92968750000000000000E-03
     146     1329     4.39453125000000000000E-03     9.76562500000000000000E-04
     147     1383     7.32421875000000000000E-03     9.76562500000000000000E-04
     148     1424     7.32421875000000000000E-03     9.76562500000000000000E-04
     153     1262     6.34765625000000000000E-03     8.30078125000000000000E-03
     158     1313     4.88281250000000000000E-04     3.90625000000000000000E-03
     159     1169     2.44140625000000000000E-04     1.95312500000000000000E-03
     160     1252     2.44140625000000000000E-04     1.95312500000000000000E-03
     161     1525     1.75781250000000000000E-02     1.17187500000000000000E-02
     163     1325     2.92968750000000000000E-03     3.90625000000000000000E-03
     164     1158     1.46484375000000000000E-03     1.95312500000000000000E-03
     165     1352     1.46484375000000000000E-02     1.36718750000000000000E-02
     166     1447     8.78906250000000000000E-03     5.85937500000000000000E-03
     167     1160     7.32421875000000000000E-03     8.78906250000000000000E-03
     168     1938     2.34375000000000000000E-02     3.12500000000000000000E-02
     173     1454     7.81250000000000000000E-03     1.26953125000000000000E-02
     175     1233     3.90625000000000000000E-03     6.34765625000000000000E-03
     176     1560     9.76562500000000000000E-03     3.90625000000000000000E-03
     180     1338     4.88281250000000000000E-03     9.76562500000000000000E-03
     181     1162     2.44140625000000000000E-03     4.88281250000000000000E-03
     182     1251     2.44140625000000000000E-03     4.88281250000000000000E-03
     183     1734     1.17187500000000000000E-02     1.56250000000000000000E-02
     184     1684     1.17187500000000000000E-02     1.56250000000000000000E-02
     185     1524     5.85937500000000000000E-03     7.81250000000000000000E-03
     186     1294     2.92968750000000000000E-03     3.90625000000000000000E-03
     187     1630     5.85937500000000000000E-03     7.81250000000000000000E-03
     188     1640     5.85937500000000000000E-03     7.81250000000000000000E-03
     189     1277     2.92968750000000000000E-03     3.90625000000000000000E-03
     190     1305     2.92968750000000000000E-03     3.90625000000000000000E-03
     191     2214     1.56250000000000000000E-02     1.56250000000000000000E-02
     194     1748     1.95312500000000000000E-02     1.95312500000000000000E-02
     195     1955     3.90625000000000000000E-03     3.90625000000000000000E-03
     196     1662     1.95312500000000000000E-03     1.95312500000000000000E-03
     197     1505     9.76562500000000000000E-04     9.76562500000000000000E-04
     198     1531     9.76562500000000000000E-04     9.76562500000000000000E-04
     199     1574     9.76562500000000000000E-03     9.76562500000000000000E-03
     200     1363     4.88281250000000000000E-03     4.88281250000000000000E-03
     201     1344     4.88281250000000000000E-03     4.88281250000000000000E-03
     202     2071     7.81250000000000000000E-03     7.81250000000000000000E-03
     203     2142     7.81250000000000000000E-03     7.81250000000000000000E-03
     204     1278     3.90625000000000000000E-03     3.90625000000000000000E-03
     205     1145     1.95312500000000000000E-03     1.95312500000000000000E-03
     206     1105     9.76562500000000000000E-04     9.76562500000000000000E-04
     207     1063     9.76562500000000000000E-04     9.76562500000000000000E-04
     208     1648     2.34375000000000000000E-02     2.73437500000000000000E-02
     209     1966     3.90625000000000000000E-03     3.90625000000000000000E-03
     210     1747     1.95312500000000000000E-03     1.95312500000000000000E-03
     211     1509     9.76562500000000000000E-04     9.76562500000000000000E-04
     212     1622     9.76562500000000000000E-04     9.76562500000000000000E-04
     213     1440     1.17187500000000000000E-02     1.36718750000000000000E-02
     214     1185     5.85937500000000000000E-03     6.83593750000000000000E-03
     215     2248     3.12500000000000000000E-02     6.25000000000000000000E-02
     217     2074     3.12500000000000000000E-02     3.12500000000000000000E-02
     222     1421     2.92968750000000000000E-03     5.85937500000000000000E-03
     223     1397     6.83593750000000000000E-03     4.88281250000000000000E-03
     230     1368     9.76562500000000000000E-04     7.81250000000000000000E-03
     231     1205     4.88281250000000000000E-04     3.90625000000000000000E-03
     232     1228     4.88281250000000000000E-04     3.90625000000000000000E-03
     233     1927     1.56250000000000000000E-02     1.56250000000000000000E-02
     234     1946     1.56250000000000000000E-02     1.56250000000000000000E-02
     235     1678     7.81250000000000000000E-03     7.81250000000000000000E-03
     236     1844     7.81250000000000000000E-03     7.81250000000000000000E-03
     237     1476     3.90625000000000000000E-03     3.90625000000000000000E-03
     238     1542     3.90625000000000000000E-03     5.85937500000000000000E-03
     239     1583     1.56250000000000000000E-02     1.17187500000000000000E-02
     240     1427     7.81250000000000000000E-03     5.85937500000000000000E-03
     241     1679     7.81250000000000000000E-03     7.81250000000000000000E-03
     242     1580     3.90625000000000000000E-03     3.90625000000000000000E-03
     243     1495     3.90625000000000000000E-03     3.90625000000000000000E-03
     244     2073     7.81250000000000000000E-02     9.37500000000000000000E-02
     245     2130     1.56250000000000000000E-02     3.12500000000000000000E-02
     246     1957     7.81250000000000000000E-03     1.56250000000000000000E-02
     247     1993     7.81250000000000000000E-03     1.56250000000000000000E-02
     248     1735     3.90625000000000000000E-03     7.81250000000000000000E-03
     249     1717     1.95312500000000000000E-02     1.17187500000000000000E-02
     250     1515     9.76562500000000000000E-03     9.76562500000000000000E-03
     251     1492     1.36718750000000000000E-02     7.81250000000000000000E-03
     252     1456     6.83593750000000000000E-03     3.90625000000000000000E-03
     253     1322     6.83593750000000000000E-03     3.90625000000000000000E-03
     254     1538     1.95312500000000000000E-03     3.90625000000000000000E-03
     255     1408     8.78906250000000000000E-03     9.76562500000000000000E-03
     256     1212     4.39453125000000000000E-03     4.88281250000000000000E-03
     257     1058     2.19726562500000000000E-03     2.44140625000000000000E-03
     258     1073     2.19726562500000000000E-03     2.44140625000000000000E-03
     259     1669     1.95312500000000000000E-02     1.95312500000000000000E-02
     260     1753     3.90625000000000000000E-03     7.81250000000000000000E-03
     261     1550     1.95312500000000000000E-03     1.17187500000000000000E-02
     262     1510     1.95312500000000000000E-03     3.90625000000000000000E-03
     263     1364     9.76562500000000000000E-04     1.95312500000000000000E-03
     264     1436     6.83593750000000000000E-03     1.36718750000000000000E-02
     265     1658     9.76562500000000000000E-03     9.76562500000000000000E-03
     266     1554     9.76562500000000000000E-03     9.76562500000000000000E-03
     267     1334     4.88281250000000000000E-03     4.88281250000000000000E-03
     268     1428     4.88281250000000000000E-03     4.88281250000000000000E-03
     269     1292     4.88281250000000000000E-03     4.88281250000000000000E-03
     270     1385     4.88281250000000000000E-03     4.88281250000000000000E-03
     271     1909     3.90625000000000000000E-02     4.68750000000000000000E-02
     272     1715     3.12500000000000000000E-02     2.34375000000000000000E-02
     273     1823     1.95312500000000000000E-02     2.34375000000000000000E-02
     274     1632     1.75781250000000000000E-02     2.73437500000000000000E-02
     275     1579     9.76562500000000000000E-03     1.17187500000000000000E-02
     276     1451     4.88281250000000000000E-03     9.76562500000000000000E-03
     277     1378     4.88281250000000000000E-03     9.76562500000000000000E-03
     278     1200     2.44140625000000000000E-03     4.88281250000000000000E-03
     279     1255     2.44140625000000000000E-03     4.88281250000000000000E-03
     280     1442     8.78906250000000000000E-03     1.36718750000000000000E-02
     281     1234     4.39453125000000000000E-03     6.83593750000000000000E-03
     282     1599     1.56250000000000000000E-02     1.17187500000000000000E-02
     283     1443     7.81250000000000000000E-03     5.85937500000000000000E-03
     284     1178     3.90625000000000000000E-03     2.92968750000000000000E-03
     285     1183     3.90625000000000000000E-03     6.83593750000000000000E-03
     289     2198     3.12500000000000000000E-02     3.12500000000000000000E-02
     290     2171     1.56250000000000000000E-02     1.56250000000000000000E-02
     291     1612     7.81250000000000000000E-03     1.17187500000000000000E-02
     292     1275     3.90625000000000000000E-03     9.76562500000000000000E-03
     293     1196     1.95312500000000000000E-03     8.78906250000000000000E-03
     294     1157     1.95312500000000000000E-03     4.88281250000000000000E-03
     295     2035     4.68750000000000000000E-02     6.25000000000000000000E-02
     297     1951     2.34375000000000000000E-02     1.56250000000000000000E-02
     307     1816     1.17187500000000000000E-02     7.81250000000000000000E-03
     308     1659     5.85937500000000000000E-03     3.90625000000000000000E-03
     309     1637     5.85937500000000000000E-03     3.90625000000000000000E-03
     310     1348     2.92968750000000000000E-03     1.95312500000000000000E-03
     311     1379     2.92968750000000000000E-03     1.95312500000000000000E-03
     312     1902     5.46875000000000000000E-02     3.12500000000000000000E-02
     313     1896     2.34375000000000000000E-02     3.12500000000000000000E-02
     314     1832     1.17187500000000000000E-02     1.56250000000000000000E-02
     315     1847     1.17187500000000000000E-02     1.56250000000000000000E-02
     316     1481     5.85937500000000000000E-03     7.81250000000000000000E-03
     317     1627     5.85937500000000000000E-03     1.17187500000000000000E-02
     318     1291     2.92968750000000000000E-03     1.36718750000000000000E-02
     319     1189     1.46484375000000000000E-03     6.83593750000000000000E-03
     320     1199     1.46484375000000000000E-03     6.83593750000000000000E-03
     321     1361     4.88281250000000000000E-03     5.85937500000000000000E-03
     322     1311     2.92968750000000000000E-03     3.90625000000000000000E-03
     323     1563     5.85937500000000000000E-03     7.81250000000000000000E-03
     324     1590     5.85937500000000000000E-03     7.81250000000000000000E-03
     325     1280     2.92968750000000000000E-03     3.90625000000000000000E-03
     326     1459     2.92968750000000000000E-03     3.90625000000000000000E-03
     327     1381     2.92968750000000000000E-03     3.90625000000000000000E-03
     328     1685     2.73437500000000000000E-02     1.56250000000000000000E-02
     329     1472     1.36718750000000000000E-02     7.81250000000000000000E-03
     330     1653     1.36718750000000000000E-02     7.81250000000000000000E-03
     331     1366     1.07421875000000000000E-02     1.17187500000000000000E-02
     332     1418     1.07421875000000000000E-02     9.76562500000000000000E-03
     333     1265     5.37109375000000000000E-03     4.88281250000000000000E-03
     334     1203     5.37109375000000000000E-03     4.88281250000000000000E-03
     335     1229     5.37109375000000000000E-03     5.85937500000000000000E-03
     336     1171     5.37109375000000000000E-03     5.85937500000000000000E-03
     337     1299     6.83593750000000000000E-03     3.90625000000000000000E-03
     338     1175     3.41796875000000000000E-03     1.95312500000000000000E-03
     339     2325     3.12500000000000000000E-02     3.12500000000000000000E-02
     342     1666     7.81250000000000000000E-03     7.81250000000000000000E-03
     344     1605     3.90625000000000000000E-03     1.56250000000000000000E-02
     346     1300     1.95312500000000000000E-03     1.95312500000000000000E-03
     347     1141     1.07421875000000000000E-02     1.07421875000000000000E-02
     348     1254     9.76562500000000000000E-04     9.76562500000000000000E-04
     349     1307     1.95312500000000000000E-03     1.56250000000000000000E-02
     350     1326     7.81250000000000000000E-03     1.95312500000000000000E-02
     351     1219     3.90625000000000000000E-03     9.76562500000000000000E-03
     352     1146     9.76562500000000000000E-04     7.81250000000000000000E-03
     353     1147     9.76562500000000000000E-04     7.81250000000000000000E-03
     354     1559     3.90625000000000000000E-03     3.90625000000000000000E-03
     355     1345     1.95312500000000000000E-03     1.95312500000000000000E-03
     356     1248     9.76562500000000000000E-04     9.76562500000000000000E-04
     357     1161     9.76562500000000000000E-04     9.76562500000000000000E-04
     358     2168     1.56250000000000000000E-02     1.56250000000000000000E-02
     359     2175     1.56250000000000000000E-02     1.56250000000000000000E-02
     360     1988     7.81250000000000000000E-03     7.81250000000000000000E-03
     361     1972     7.81250000000000000000E-03     7.81250000000000000000E-03
     362     1804     1.56250000000000000000E-02     1.17187500000000000000E-02
     363     1628     7.81250000000000000000E-03     5.85937500000000000000E-03
     364     1834     3.90625000000000000000E-03     3.90625000000000000000E-03
     365     1829     3.90625000000000000000E-03     3.90625000000000000000E-03
     366     1529     1.95312500000000000000E-03     1.95312500000000000000E-03
     367     1276     9.76562500000000000000E-04     9.76562500000000000000E-04
     368     1520     7.81250000000000000000E-03     5.85937500000000000000E-03
     371     2494     1.25000000000000000000E-01     1.25000000000000000000E-01
     373     2028     6.25000000000000000000E-02     1.56250000000000000000E-02
     374     2124     6.25000000000000000000E-02     1.56250000000000000000E-02
     375     2002     3.12500000000000000000E-02     7.81250000000000000000E-03
     376     1954     3.12500000000000000000E-02     7.81250000000000000000E-03
     377     1712     1.56250000000000000000E-02     3.90625000000000000000E-03
     378     1544     7.81250000000000000000E-03     1.95312500000000000000E-03
     379     1349     7.81250000000000000000E-03     8.78906250000000000000E-03
     380     1411     3.90625000000000000000E-03     9.76562500000000000000E-04
     381     1148     3.90625000000000000000E-03     4.39453125000000000000E-03
     382     1811     1.56250000000000000000E-02     3.90625000000000000000E-03
     383     1497     7.81250000000000000000E-03     1.95312500000000000000E-03
     384     1578     7.81250000000000000000E-03     1.95312500000000000000E-03
     385     1413     3.90625000000000000000E-03     9.76562500000000000000E-04
     386     1281     3.90625000000000000000E-03     9.76562500000000000000E-04
     387     1296     3.90625000000000000000E-03     9.76562500000000000000E-04
     388     1317     3.90625000000000000000E-03     9.76562500000000000000E-04
     389     1914     3.12500000000000000000E-02     4.68750000000000000000E-02
     390     1998     3.12500000000000000000E-02     7.81250000000000000000E-03
     391     1731     1.56250000000000000000E-02     2.34375000000000000000E-02
     392     1809     1.56250000000000000000E-02     2.34375000000000000000E-02
     393     1613     7.81250000000000000000E-03     1.56250000000000000000E-02
     394     1649     7.81250000000000000000E-03     1.17187500000000000000E-02
     395     1400     3.90625000000000000000E-03     5.85937500000000000000E-03
     396     1342     3.90625000000000000000E-03     7.81250000000000000000E-03
     397     1571     7.81250000000000000000E-03     1.17187500000000000000E-02
     398     2292     9.37500000000000000000E-02     6.25000000000000000000E-02
     399     2145     4.68750000000000000000E-02     3.12500000000000000000E-02
     400     2047     4.68750000000000000000E-02     3.12500000000000000000E-02
     401     2026     2.34375000000000000000E-02     1.56250000000000000000E-02
     402     1983     2.34375000000000000000E-02     1.56250000000000000000E-02
     403     1663     1.17187500000000000000E-02     7.81250000000000000000E-03
     404     1833     1.17187500000000000000E-02     7.81250000000000000000E-03
     405     1807     1.17187500000000000000E-02     7.81250000000000000000E-03
     406     1598     5.85937500000000000000E-03     3.90625000000000000000E-03
     407     1990     2.34375000000000000000E-02     3.12500000000000000000E-02
     408     1994     2.34375000000000000000E-02     1.56250000000000000000E-02
     409     1701     1.17187500000000000000E-02     1.56250000000000000000E-02
     427     1942     7.81250000000000000000E-03     1.56250000000000000000E-02
     432     1769     3.90625000000000000000E-03     7.81250000000000000000E-03
     433     1696     3.90625000000000000000E-03     7.81250000000000000000E-03
     434     1487     1.95312500000000000000E-03     3.90625000000000000000E-03
     435     1478     1.95312500000000000000E-03     3.90625000000000000000E-03
     436     1535     1.95312500000000000000E-03     3.90625000000000000000E-03
