DIAGNOSTIC DUMP FOR TARGET: YY2552875
sire_idx=5851  dam_idx=5029
dot(anc_s,anc_d)=    4.85994517803192138672E-02
ancestor list (index, anc_id, val_s):
       1     5851     1.00000000000000000000E+00
       2     4260     5.00000000000000000000E-01
       3     3657     5.00000000000000000000E-01
       4     3132     2.50000000000000000000E-01
       5     3362     2.50000000000000000000E-01
       6     2702     1.25000000000000000000E-01
       7     2783     1.25000000000000000000E-01
       8     2469     6.25000000000000000000E-02
       9     2512     6.25000000000000000000E-02
      10     2035     9.37500000000000000000E-02
      11     2463     3.12500000000000000000E-02
      12     1914     3.90625000000000000000E-02
      13     2246     1.56250000000000000000E-02
      14     1715     7.81250000000000000000E-03
      15     2048     7.81250000000000000000E-03
      16     1597     3.90625000000000000000E-03
      17     1596     3.90625000000000000000E-03
      18     1454     6.83593750000000000000E-03
      19     1302     1.95312500000000000000E-03
      20     1262     5.85937500000000000000E-03
      21     1233     3.41796875000000000000E-03
      22     1336     8.78906250000000000000E-03
      23     1417     1.95312500000000000000E-03
      24     1202     9.76562500000000000000E-04
      25     1246     9.76562500000000000000E-04
      26     1224     1.51367187500000000000E-02
      27     1243     4.39453125000000000000E-03
      28     1106     7.56835937500000000000E-03
      29     1127     7.56835937500000000000E-03
      30     1525     3.90625000000000000000E-03
      31     1599     3.90625000000000000000E-03
      32     1396     7.81250000000000000000E-03
      33     1443     1.95312500000000000000E-03
      34     1178     9.76562500000000000000E-04
      35     1183     9.76562500000000000000E-04
      36     1064     3.24707031250000000000E-02
      37     1153     3.90625000000000000000E-03
      38     1135     1.95312500000000000000E-03
      39     1088     4.88281250000000000000E-03
      40     1044     1.62353515625000000000E-02
      41     1018     1.62353515625000000000E-02
      42     1352     7.81250000000000000000E-03
      43     1447     1.95312500000000000000E-03
      44     1166     8.78906250000000000000E-03
      45     1160     5.85937500000000000000E-03
      46     1731     1.95312500000000000000E-02
      47     1809     1.95312500000000000000E-02
      48     1613     1.36718750000000000000E-02
      49     1649     9.76562500000000000000E-03
      50     1209     3.36914062500000000000E-02
      51     1400     4.88281250000000000000E-03
      52     1055     1.68457031250000000000E-02
      53     1349     7.81250000000000000000E-03
      54     1342     6.83593750000000000000E-03
      55     1148     3.90625000000000000000E-03
      56     1496     2.14843750000000000000E-02
      57     1571     9.76562500000000000000E-03
      58     1366     1.46484375000000000000E-02
      59     1418     1.26953125000000000000E-02
      60     1265     6.34765625000000000000E-03
      61     1203     6.34765625000000000000E-03
      62     1229     7.32421875000000000000E-03
      63     1171     7.32421875000000000000E-03
      64     1347     1.07421875000000000000E-02
      65     1441     1.07421875000000000000E-02
      66     1902     4.68750000000000000000E-02
      67     1896     4.68750000000000000000E-02
      68     1832     2.34375000000000000000E-02
      69     1847     2.34375000000000000000E-02
      70     1481     1.17187500000000000000E-02
      71     1627     1.36718750000000000000E-02
      72     1291     1.07421875000000000000E-02
      73     1189     5.37109375000000000000E-03
      74     1199     5.37109375000000000000E-03
      75     1361     8.78906250000000000000E-03
      76     1311     5.85937500000000000000E-03
      77     1563     1.17187500000000000000E-02
      78     1590     1.17187500000000000000E-02
      79     1280     5.85937500000000000000E-03
      80     1459     5.85937500000000000000E-03
      81     1399     1.26953125000000000000E-02
      82     1381     5.85937500000000000000E-03
      83     1227     1.56250000000000000000E-02
      84     1154     6.34765625000000000000E-03
      85     1117     7.81250000000000000000E-03
      86     1136     7.81250000000000000000E-03
      87     1685     3.12500000000000000000E-02
      88     1802     2.34375000000000000000E-02
      89     1517     1.17187500000000000000E-02
      90     1314     1.36718750000000000000E-02
      91     1416     5.85937500000000000000E-03
      92     1242     8.78906250000000000000E-03
      93     1149     6.83593750000000000000E-03
      94     1472     1.56250000000000000000E-02
      95     1653     1.56250000000000000000E-02
      96     1360     7.81250000000000000000E-03
      97     1299     7.81250000000000000000E-03
      98     1201     6.34765625000000000000E-03
      99     1175     3.90625000000000000000E-03
     100     1082     1.04980468750000000000E-02
     101     1220     3.90625000000000000000E-03
     102     2217     3.12500000000000000000E-02
     103     2200     3.12500000000000000000E-02
     104     1938     2.34375000000000000000E-02
     105     2121     1.56250000000000000000E-02
     106     2001     7.81250000000000000000E-03
     107     1948     7.81250000000000000000E-03
     108     1787     3.90625000000000000000E-03
     109     1709     3.90625000000000000000E-03
     110     1196     2.92968750000000000000E-03
     111     1639     1.95312500000000000000E-03
     112     1514     1.95312500000000000000E-03
     113     1734     1.17187500000000000000E-02
     114     1684     1.17187500000000000000E-02
     115     1524     5.85937500000000000000E-03
     116     1116     8.78906250000000000000E-03
     117     1294     2.92968750000000000000E-03
     118     1630     5.85937500000000000000E-03
     119     1640     5.85937500000000000000E-03
     120     1277     2.92968750000000000000E-03
     121     1370     1.36718750000000000000E-02
     122     1305     2.92968750000000000000E-03
     123     1256     6.83593750000000000000E-03
     124     1120     3.41796875000000000000E-03
     125     1066     3.41796875000000000000E-03
     126     2071     3.12500000000000000000E-02
     127     2087     1.56250000000000000000E-02
     128     1939     7.81250000000000000000E-03
     129     1970     7.81250000000000000000E-03
     130     1560     7.81250000000000000000E-03
     131     1800     3.90625000000000000000E-03
     132     1592     1.95312500000000000000E-03
     133     1508     1.95312500000000000000E-03
     134     1368     9.76562500000000000000E-04
     135     1205     4.88281250000000000000E-04
     136     1228     4.88281250000000000000E-04
     137     1289     2.34375000000000000000E-02
     138     1338     3.90625000000000000000E-03
     139     1162     1.95312500000000000000E-03
     140     1251     1.95312500000000000000E-03
     141     1143     1.17187500000000000000E-02
     142     1069     5.85937500000000000000E-03
     143     1729     3.90625000000000000000E-03
     144     1751     3.90625000000000000000E-03
     145     1325     4.88281250000000000000E-03
     146     1158     2.44140625000000000000E-03
     147     1482     1.95312500000000000000E-03
     148     1471     1.95312500000000000000E-03
     149     1648     2.34375000000000000000E-02
     150     1966     1.56250000000000000000E-02
     151     1747     7.81250000000000000000E-03
     152     1509     3.90625000000000000000E-03
     153     1622     3.90625000000000000000E-03
     154     1461     1.85546875000000000000E-02
     155     1440     1.17187500000000000000E-02
     156     1185     5.85937500000000000000E-03
     157     1180     9.27734375000000000000E-03
     158     1098     4.63867187500000000000E-03
     159     2556     1.25000000000000000000E-01
     160     2510     6.25000000000000000000E-02
     161     2391     3.12500000000000000000E-02
     162     2433     3.12500000000000000000E-02
     163     2325     4.68750000000000000000E-02
     164     2305     1.56250000000000000000E-02
     165     2128     7.81250000000000000000E-03
     166     1981     1.95312500000000000000E-02
     167     1908     3.90625000000000000000E-03
     168     1654     1.56250000000000000000E-02
     169     1743     1.95312500000000000000E-03
     170     1290     2.92968750000000000000E-03
     171     1300     9.76562500000000000000E-04
     172     1141     4.39453125000000000000E-03
     173     1254     4.88281250000000000000E-04
     174     1208     3.41796875000000000000E-03
     175     1211     1.46484375000000000000E-03
     176     1350     7.81250000000000000000E-03
     177     1213     3.90625000000000000000E-03
     178     1272     9.76562500000000000000E-03
     179     1080     1.07421875000000000000E-02
     180     1103     4.88281250000000000000E-03
     181     1010     6.59179687500000000000E-03
     182     1001     5.37109375000000000000E-03
     183     1605     9.76562500000000000000E-03
     184     1825     9.76562500000000000000E-03
     185     1534     4.88281250000000000000E-03
     186     1306     2.44140625000000000000E-03
     187     1376     2.44140625000000000000E-03
     188     1218     1.22070312500000000000E-03
     189     1266     1.22070312500000000000E-03
     190     1181     1.22070312500000000000E-03
     191     1307     4.88281250000000000000E-03
     192     1326     4.88281250000000000000E-03
     193     1219     2.44140625000000000000E-03
     194     1146     2.44140625000000000000E-03
     195     1147     2.44140625000000000000E-03
     196     2168     2.34375000000000000000E-02
     197     2175     2.34375000000000000000E-02
     198     1408     1.17187500000000000000E-02
     199     1212     5.85937500000000000000E-03
     200     1058     2.92968750000000000000E-03
     201     1073     2.92968750000000000000E-03
     202     1988     1.17187500000000000000E-02
     203     1972     1.17187500000000000000E-02
     204     1423     5.85937500000000000000E-03
     205     1804     5.85937500000000000000E-03
     206     1628     2.92968750000000000000E-03
     207     1230     2.92968750000000000000E-03
     208     1834     5.85937500000000000000E-03
     209     1829     5.85937500000000000000E-03
     210     1529     2.92968750000000000000E-03
     211     1287     1.46484375000000000000E-03
     212     1276     1.46484375000000000000E-03
     213     1520     2.92968750000000000000E-03
     214     2139     1.56250000000000000000E-02
     215     2269     1.56250000000000000000E-02
     216     2177     7.81250000000000000000E-03
     217     1942     3.90625000000000000000E-03
     218     1900     3.90625000000000000000E-03
     219     1632     1.95312500000000000000E-03
     220     1612     3.90625000000000000000E-03
     221     1275     1.95312500000000000000E-03
     222     1157     9.76562500000000000000E-04
     223     1442     9.76562500000000000000E-04
     224     1234     4.88281250000000000000E-04
     225     1769     1.95312500000000000000E-03
     226     1696     1.95312500000000000000E-03
     227     1487     9.76562500000000000000E-04
     228     1478     9.76562500000000000000E-04
     229     1535     9.76562500000000000000E-04
     230     2012     7.81250000000000000000E-03
     231     1923     7.81250000000000000000E-03
     232     1710     3.90625000000000000000E-03
     233     1838     3.90625000000000000000E-03
     234     1614     1.95312500000000000000E-03
     235     1821     3.90625000000000000000E-03
     236     1721     3.90625000000000000000E-03
     237     1518     1.95312500000000000000E-03
     238     1589     1.95312500000000000000E-03
     239     1341     9.76562500000000000000E-04
     240     1357     9.76562500000000000000E-04
     241     1359     9.76562500000000000000E-04
     242     1206     4.88281250000000000000E-04
     243     1096     2.44140625000000000000E-04
     244     1125     2.44140625000000000000E-04
     245     1172     4.88281250000000000000E-04
     246     1484     1.95312500000000000000E-03
     247     1365     9.76562500000000000000E-04
     248     1410     9.76562500000000000000E-04
     249     2489     6.25000000000000000000E-02
     250     2214     3.12500000000000000000E-02
     251     2268     3.12500000000000000000E-02
     252     2045     1.56250000000000000000E-02
     253     1955     7.81250000000000000000E-03
     254     1662     3.90625000000000000000E-03
     255     1505     1.95312500000000000000E-03
     256     1531     1.95312500000000000000E-03
     257     2142     1.56250000000000000000E-02
     258     1278     7.81250000000000000000E-03
     259     1145     3.90625000000000000000E-03
     260     1105     1.95312500000000000000E-03
     261     1063     1.95312500000000000000E-03
     262     2828     1.25000000000000000000E-01
     263     2724     1.25000000000000000000E-01
     264     2681     6.25000000000000000000E-02
     265     2346     3.12500000000000000000E-02
     266     2354     3.12500000000000000000E-02
     267     2234     1.56250000000000000000E-02
     268     2262     1.56250000000000000000E-02
     269     1666     7.81250000000000000000E-03
     270     2070     7.81250000000000000000E-03
     271     1313     3.90625000000000000000E-03
     272     1169     1.95312500000000000000E-03
     273     1252     1.95312500000000000000E-03
     274     1559     3.90625000000000000000E-03
     275     1345     1.95312500000000000000E-03
     276     1248     9.76562500000000000000E-04
     277     1161     9.76562500000000000000E-04
     278     1836     7.81250000000000000000E-03
     279     2186     7.81250000000000000000E-03
     280     1877     3.90625000000000000000E-03
     281     2015     3.90625000000000000000E-03
     282     1665     1.95312500000000000000E-03
     283     1595     3.90625000000000000000E-03
     284     1285     1.95312500000000000000E-03
     285     2028     1.56250000000000000000E-02
     286     2124     1.56250000000000000000E-02
     287     2002     7.81250000000000000000E-03
     288     1954     7.81250000000000000000E-03
     289     1669     3.90625000000000000000E-03
     290     1712     3.90625000000000000000E-03
     291     1572     5.85937500000000000000E-03
     292     1544     1.95312500000000000000E-03
     293     1411     9.76562500000000000000E-04
     294     1658     1.95312500000000000000E-03
     295     1554     1.95312500000000000000E-03
     296     1334     9.76562500000000000000E-04
     297     1428     9.76562500000000000000E-04
     298     1292     9.76562500000000000000E-04
     299     1385     9.76562500000000000000E-04
     300     1748     3.90625000000000000000E-03
     301     1811     3.90625000000000000000E-03
     302     1497     1.95312500000000000000E-03
     303     1578     1.95312500000000000000E-03
     304     1413     9.76562500000000000000E-04
     305     1281     9.76562500000000000000E-04
     306     1296     9.76562500000000000000E-04
     307     1317     9.76562500000000000000E-04
     308     1603     1.95312500000000000000E-03
     309     1574     1.95312500000000000000E-03
     310     1363     9.76562500000000000000E-04
     311     1344     9.76562500000000000000E-04
     312     1330     9.76562500000000000000E-04
     313     1998     7.81250000000000000000E-03
     314     1724     3.90625000000000000000E-03
     315     1717     3.90625000000000000000E-03
     316     1515     1.95312500000000000000E-03
     317     1492     3.90625000000000000000E-03
     318     1456     1.95312500000000000000E-03
     319     1322     1.95312500000000000000E-03
     320     1397     9.76562500000000000000E-04
     321     1464     1.95312500000000000000E-03
     322     1644     1.95312500000000000000E-03
     323     1343     9.76562500000000000000E-04
     324     1329     9.76562500000000000000E-04
     325     1383     9.76562500000000000000E-04
     326     1424     9.76562500000000000000E-04
     327     2561     6.25000000000000000000E-02
     328     2529     6.25000000000000000000E-02
     329     2264     3.12500000000000000000E-02
     330     2326     3.12500000000000000000E-02
     331     2091     1.56250000000000000000E-02
     332     2052     1.56250000000000000000E-02
     333     2013     7.81250000000000000000E-03
     334     1982     7.81250000000000000000E-03
     335     1851     3.90625000000000000000E-03
     336     1798     3.90625000000000000000E-03
     337     1469     1.95312500000000000000E-03
     338     1635     1.95312500000000000000E-03
     339     1565     1.95312500000000000000E-03
     340     1723     3.90625000000000000000E-03
     341     1986     7.81250000000000000000E-03
     342     1968     7.81250000000000000000E-03
     343     1831     3.90625000000000000000E-03
     344     1771     3.90625000000000000000E-03
     345     1588     1.95312500000000000000E-03
     346     1819     3.90625000000000000000E-03
     347     2153     1.56250000000000000000E-02
     348     1550     7.81250000000000000000E-03
     349     1934     7.81250000000000000000E-03
     350     1850     3.90625000000000000000E-03
     351     1421     3.90625000000000000000E-03
     352     1436     3.90625000000000000000E-03
     353     2483     3.12500000000000000000E-02
     354     2300     1.56250000000000000000E-02
     355     2185     1.56250000000000000000E-02
     356     1895     7.81250000000000000000E-03
     357     1889     7.81250000000000000000E-03
     358     1777     3.90625000000000000000E-03
     359     1683     3.90625000000000000000E-03
     360     1501     1.95312500000000000000E-03
     361     1542     1.95312500000000000000E-03
     362     1546     3.90625000000000000000E-03
     363     1351     1.95312500000000000000E-03
     364     1298     1.95312500000000000000E-03
     365     2080     7.81250000000000000000E-03
     366     1915     3.90625000000000000000E-03
     367     1903     3.90625000000000000000E-03
     368     1746     1.95312500000000000000E-03
     369     1754     1.95312500000000000000E-03
     370     3478     2.50000000000000000000E-01
     371     3485     2.50000000000000000000E-01
     372     3330     1.25000000000000000000E-01
     373     3079     1.25000000000000000000E-01
     374     2887     6.25000000000000000000E-02
     375     2869     6.25000000000000000000E-02
     376     2905     6.25000000000000000000E-02
     377     2768     6.25000000000000000000E-02
     378     3206     1.25000000000000000000E-01
     379     3094     1.25000000000000000000E-01
     380     2826     6.25000000000000000000E-02
     381     2854     6.25000000000000000000E-02
     382     2957     6.25000000000000000000E-02
     383     2734     6.25000000000000000000E-02
matching common ancestors (ii, anc_id, val_s, val_d):
      10     2035     9.37500000000000000000E-02     4.68750000000000000000E-02
      12     1914     3.90625000000000000000E-02     7.81250000000000000000E-03
      14     1715     7.81250000000000000000E-03     2.34375000000000000000E-02
      16     1597     3.90625000000000000000E-03     3.90625000000000000000E-03
      18     1454     6.83593750000000000000E-03     1.07421875000000000000E-02
      20     1262     5.85937500000000000000E-03     8.78906250000000000000E-03
      21     1233     3.41796875000000000000E-03     5.37109375000000000000E-03
      22     1336     8.78906250000000000000E-03     1.07421875000000000000E-02
      23     1417     1.95312500000000000000E-03     1.95312500000000000000E-03
      24     1202     9.76562500000000000000E-04     3.41796875000000000000E-03
      25     1246     9.76562500000000000000E-04     3.41796875000000000000E-03
      26     1224     1.51367187500000000000E-02     2.58789062500000000000E-02
      27     1243     4.39453125000000000000E-03     5.37109375000000000000E-03
      28     1106     7.56835937500000000000E-03     1.29394531250000000000E-02
      29     1127     7.56835937500000000000E-03     1.29394531250000000000E-02
      30     1525     3.90625000000000000000E-03     1.17187500000000000000E-02
      31     1599     3.90625000000000000000E-03     1.17187500000000000000E-02
      32     1396     7.81250000000000000000E-03     3.02734375000000000000E-02
      33     1443     1.95312500000000000000E-03     5.85937500000000000000E-03
      34     1178     9.76562500000000000000E-04     2.92968750000000000000E-03
      35     1183     9.76562500000000000000E-04     4.88281250000000000000E-03
      36     1064     3.24707031250000000000E-02     6.17675781250000000000E-02
      37     1153     3.90625000000000000000E-03     1.51367187500000000000E-02
      38     1135     1.95312500000000000000E-03     7.56835937500000000000E-03
      39     1088     4.88281250000000000000E-03     1.14746093750000000000E-02
      40     1044     1.62353515625000000000E-02     3.08837890625000000000E-02
      41     1018     1.62353515625000000000E-02     3.08837890625000000000E-02
      42     1352     7.81250000000000000000E-03     2.14843750000000000000E-02
      43     1447     1.95312500000000000000E-03     5.85937500000000000000E-03
      44     1166     8.78906250000000000000E-03     1.85546875000000000000E-02
      45     1160     5.85937500000000000000E-03     1.07421875000000000000E-02
      46     1731     1.95312500000000000000E-02     3.90625000000000000000E-03
      47     1809     1.95312500000000000000E-02     3.90625000000000000000E-03
      48     1613     1.36718750000000000000E-02     5.85937500000000000000E-03
      49     1649     9.76562500000000000000E-03     1.95312500000000000000E-03
      50     1209     3.36914062500000000000E-02     5.51757812500000000000E-02
      51     1400     4.88281250000000000000E-03     9.76562500000000000000E-04
      52     1055     1.68457031250000000000E-02     2.75878906250000000000E-02
      53     1349     7.81250000000000000000E-03     2.92968750000000000000E-03
      54     1342     6.83593750000000000000E-03     2.92968750000000000000E-03
      55     1148     3.90625000000000000000E-03     1.46484375000000000000E-03
      56     1496     2.14843750000000000000E-02     5.27343750000000000000E-02
      57     1571     9.76562500000000000000E-03     1.95312500000000000000E-03
      58     1366     1.46484375000000000000E-02     9.76562500000000000000E-03
      59     1418     1.26953125000000000000E-02     9.76562500000000000000E-03
      60     1265     6.34765625000000000000E-03     4.88281250000000000000E-03
      61     1203     6.34765625000000000000E-03     4.88281250000000000000E-03
      62     1229     7.32421875000000000000E-03     4.88281250000000000000E-03
      63     1171     7.32421875000000000000E-03     4.88281250000000000000E-03
      64     1347     1.07421875000000000000E-02     2.63671875000000000000E-02
      65     1441     1.07421875000000000000E-02     2.63671875000000000000E-02
      66     1902     4.68750000000000000000E-02     7.03125000000000000000E-02
      67     1896     4.68750000000000000000E-02     2.34375000000000000000E-02
      68     1832     2.34375000000000000000E-02     1.17187500000000000000E-02
      69     1847     2.34375000000000000000E-02     1.17187500000000000000E-02
      70     1481     1.17187500000000000000E-02     5.85937500000000000000E-03
      71     1627     1.36718750000000000000E-02     7.81250000000000000000E-03
      72     1291     1.07421875000000000000E-02     3.90625000000000000000E-03
      73     1189     5.37109375000000000000E-03     1.95312500000000000000E-03
      74     1199     5.37109375000000000000E-03     1.95312500000000000000E-03
      75     1361     8.78906250000000000000E-03     7.81250000000000000000E-03
      76     1311     5.85937500000000000000E-03     2.92968750000000000000E-03
      77     1563     1.17187500000000000000E-02     5.85937500000000000000E-03
      78     1590     1.17187500000000000000E-02     5.85937500000000000000E-03
      79     1280     5.85937500000000000000E-03     2.92968750000000000000E-03
      80     1459     5.85937500000000000000E-03     2.92968750000000000000E-03
      81     1399     1.26953125000000000000E-02     1.46484375000000000000E-02
      82     1381     5.85937500000000000000E-03     2.92968750000000000000E-03
      83     1227     1.56250000000000000000E-02     4.10156250000000000000E-02
      84     1154     6.34765625000000000000E-03     9.27734375000000000000E-03
      85     1117     7.81250000000000000000E-03     2.05078125000000000000E-02
      86     1136     7.81250000000000000000E-03     2.05078125000000000000E-02
      87     1685     3.12500000000000000000E-02     3.51562500000000000000E-02
      88     1802     2.34375000000000000000E-02     5.85937500000000000000E-02
      89     1517     1.17187500000000000000E-02     2.92968750000000000000E-02
      90     1314     1.36718750000000000000E-02     1.85546875000000000000E-02
      91     1416     5.85937500000000000000E-03     1.46484375000000000000E-02
      92     1242     8.78906250000000000000E-03     9.27734375000000000000E-03
      93     1149     6.83593750000000000000E-03     9.27734375000000000000E-03
      94     1472     1.56250000000000000000E-02     1.75781250000000000000E-02
      95     1653     1.56250000000000000000E-02     1.75781250000000000000E-02
      96     1360     7.81250000000000000000E-03     2.63671875000000000000E-02
      97     1299     7.81250000000000000000E-03     8.78906250000000000000E-03
      98     1201     6.34765625000000000000E-03     8.78906250000000000000E-03
      99     1175     3.90625000000000000000E-03     4.39453125000000000000E-03
     100     1082     1.04980468750000000000E-02     2.66113281250000000000E-02
     101     1220     3.90625000000000000000E-03     1.31835937500000000000E-02
     104     1938     2.34375000000000000000E-02     6.25000000000000000000E-02
     110     1196     2.92968750000000000000E-03     2.92968750000000000000E-03
     113     1734     1.17187500000000000000E-02     3.12500000000000000000E-02
     114     1684     1.17187500000000000000E-02     3.12500000000000000000E-02
     115     1524     5.85937500000000000000E-03     1.56250000000000000000E-02
     116     1116     8.78906250000000000000E-03     2.31933593750000000000E-02
     117     1294     2.92968750000000000000E-03     7.81250000000000000000E-03
     118     1630     5.85937500000000000000E-03     1.56250000000000000000E-02
     119     1640     5.85937500000000000000E-03     1.56250000000000000000E-02
     120     1277     2.92968750000000000000E-03     7.81250000000000000000E-03
     121     1370     1.36718750000000000000E-02     3.80859375000000000000E-02
     122     1305     2.92968750000000000000E-03     7.81250000000000000000E-03
     123     1256     6.83593750000000000000E-03     1.90429687500000000000E-02
     124     1120     3.41796875000000000000E-03     9.52148437500000000000E-03
     125     1066     3.41796875000000000000E-03     9.52148437500000000000E-03
     126     2071     3.12500000000000000000E-02     1.56250000000000000000E-02
     128     1939     7.81250000000000000000E-03     1.56250000000000000000E-02
     130     1560     7.81250000000000000000E-03     1.75781250000000000000E-02
     137     1289     2.34375000000000000000E-02     3.41796875000000000000E-02
     138     1338     3.90625000000000000000E-03     8.78906250000000000000E-03
     139     1162     1.95312500000000000000E-03     4.39453125000000000000E-03
     140     1251     1.95312500000000000000E-03     4.39453125000000000000E-03
     141     1143     1.17187500000000000000E-02     1.70898437500000000000E-02
     142     1069     5.85937500000000000000E-03     8.54492187500000000000E-03
     143     1729     3.90625000000000000000E-03     7.81250000000000000000E-03
     144     1751     3.90625000000000000000E-03     7.81250000000000000000E-03
     145     1325     4.88281250000000000000E-03     6.83593750000000000000E-03
     146     1158     2.44140625000000000000E-03     3.41796875000000000000E-03
     147     1482     1.95312500000000000000E-03     3.90625000000000000000E-03
     148     1471     1.95312500000000000000E-03     3.90625000000000000000E-03
     149     1648     2.34375000000000000000E-02     5.07812500000000000000E-02
     150     1966     1.56250000000000000000E-02     7.81250000000000000000E-03
     151     1747     7.81250000000000000000E-03     3.90625000000000000000E-03
     152     1509     3.90625000000000000000E-03     1.95312500000000000000E-03
     153     1622     3.90625000000000000000E-03     1.95312500000000000000E-03
     154     1461     1.85546875000000000000E-02     4.58984375000000000000E-02
     155     1440     1.17187500000000000000E-02     2.53906250000000000000E-02
     156     1185     5.85937500000000000000E-03     1.26953125000000000000E-02
     157     1180     9.27734375000000000000E-03     2.29492187500000000000E-02
     158     1098     4.63867187500000000000E-03     1.14746093750000000000E-02
     161     2391     3.12500000000000000000E-02     3.12500000000000000000E-02
     163     2325     4.68750000000000000000E-02     3.12500000000000000000E-02
     166     1981     1.95312500000000000000E-02     1.56250000000000000000E-02
     168     1654     1.56250000000000000000E-02     3.51562500000000000000E-02
     170     1290     2.92968750000000000000E-03     1.17187500000000000000E-02
     171     1300     9.76562500000000000000E-04     2.92968750000000000000E-03
     172     1141     4.39453125000000000000E-03     1.31835937500000000000E-02
     173     1254     4.88281250000000000000E-04     1.46484375000000000000E-03
     174     1208     3.41796875000000000000E-03     7.81250000000000000000E-03
     175     1211     1.46484375000000000000E-03     5.85937500000000000000E-03
     176     1350     7.81250000000000000000E-03     1.75781250000000000000E-02
     177     1213     3.90625000000000000000E-03     8.78906250000000000000E-03
     178     1272     9.76562500000000000000E-03     1.26953125000000000000E-02
     179     1080     1.07421875000000000000E-02     1.22070312500000000000E-02
     180     1103     4.88281250000000000000E-03     6.34765625000000000000E-03
     181     1010     6.59179687500000000000E-03     7.08007812500000000000E-03
     182     1001     5.37109375000000000000E-03     6.10351562500000000000E-03
     183     1605     9.76562500000000000000E-03     1.75781250000000000000E-02
     184     1825     9.76562500000000000000E-03     7.81250000000000000000E-03
     185     1534     4.88281250000000000000E-03     3.90625000000000000000E-03
     186     1306     2.44140625000000000000E-03     1.95312500000000000000E-03
     187     1376     2.44140625000000000000E-03     1.95312500000000000000E-03
     188     1218     1.22070312500000000000E-03     9.76562500000000000000E-04
     189     1266     1.22070312500000000000E-03     9.76562500000000000000E-04
     190     1181     1.22070312500000000000E-03     9.76562500000000000000E-04
     191     1307     4.88281250000000000000E-03     8.78906250000000000000E-03
     192     1326     4.88281250000000000000E-03     1.36718750000000000000E-02
     193     1219     2.44140625000000000000E-03     6.83593750000000000000E-03
     194     1146     2.44140625000000000000E-03     4.39453125000000000000E-03
     195     1147     2.44140625000000000000E-03     4.39453125000000000000E-03
     196     2168     2.34375000000000000000E-02     1.56250000000000000000E-02
     197     2175     2.34375000000000000000E-02     1.56250000000000000000E-02
     198     1408     1.17187500000000000000E-02     7.81250000000000000000E-03
     199     1212     5.85937500000000000000E-03     3.90625000000000000000E-03
     200     1058     2.92968750000000000000E-03     1.95312500000000000000E-03
     201     1073     2.92968750000000000000E-03     1.95312500000000000000E-03
     202     1988     1.17187500000000000000E-02     7.81250000000000000000E-03
     203     1972     1.17187500000000000000E-02     7.81250000000000000000E-03
     204     1423     5.85937500000000000000E-03     1.56250000000000000000E-02
     205     1804     5.85937500000000000000E-03     1.36718750000000000000E-02
     206     1628     2.92968750000000000000E-03     6.83593750000000000000E-03
     207     1230     2.92968750000000000000E-03     7.81250000000000000000E-03
     208     1834     5.85937500000000000000E-03     3.90625000000000000000E-03
     209     1829     5.85937500000000000000E-03     3.90625000000000000000E-03
     210     1529     2.92968750000000000000E-03     1.95312500000000000000E-03
     211     1287     1.46484375000000000000E-03     9.76562500000000000000E-03
     212     1276     1.46484375000000000000E-03     9.76562500000000000000E-04
     213     1520     2.92968750000000000000E-03     6.83593750000000000000E-03
     214     2139     1.56250000000000000000E-02     1.56250000000000000000E-02
     215     2269     1.56250000000000000000E-02     1.56250000000000000000E-02
     216     2177     7.81250000000000000000E-03     7.81250000000000000000E-03
     217     1942     3.90625000000000000000E-03     1.95312500000000000000E-02
     218     1900     3.90625000000000000000E-03     3.90625000000000000000E-03
     219     1632     1.95312500000000000000E-03     1.56250000000000000000E-02
     220     1612     3.90625000000000000000E-03     1.17187500000000000000E-02
     221     1275     1.95312500000000000000E-03     5.85937500000000000000E-03
     222     1157     9.76562500000000000000E-04     2.92968750000000000000E-03
     223     1442     9.76562500000000000000E-04     7.81250000000000000000E-03
     224     1234     4.88281250000000000000E-04     3.90625000000000000000E-03
     225     1769     1.95312500000000000000E-03     9.76562500000000000000E-03
     226     1696     1.95312500000000000000E-03     9.76562500000000000000E-03
     227     1487     9.76562500000000000000E-04     4.88281250000000000000E-03
     228     1478     9.76562500000000000000E-04     4.88281250000000000000E-03
     229     1535     9.76562500000000000000E-04     4.88281250000000000000E-03
     230     2012     7.81250000000000000000E-03     7.81250000000000000000E-03
     231     1923     7.81250000000000000000E-03     7.81250000000000000000E-03
     232     1710     3.90625000000000000000E-03     3.90625000000000000000E-03
     233     1838     3.90625000000000000000E-03     3.90625000000000000000E-03
     234     1614     1.95312500000000000000E-03     1.95312500000000000000E-03
     235     1821     3.90625000000000000000E-03     3.90625000000000000000E-03
     236     1721     3.90625000000000000000E-03     3.90625000000000000000E-03
     237     1518     1.95312500000000000000E-03     1.95312500000000000000E-03
     238     1589     1.95312500000000000000E-03     1.95312500000000000000E-03
     239     1341     9.76562500000000000000E-04     9.76562500000000000000E-04
     240     1357     9.76562500000000000000E-04     9.76562500000000000000E-04
     241     1359     9.76562500000000000000E-04     9.76562500000000000000E-04
     242     1206     4.88281250000000000000E-04     4.88281250000000000000E-04
     243     1096     2.44140625000000000000E-04     2.44140625000000000000E-04
     244     1125     2.44140625000000000000E-04     2.44140625000000000000E-04
     245     1172     4.88281250000000000000E-04     4.88281250000000000000E-04
     246     1484     1.95312500000000000000E-03     1.95312500000000000000E-03
     247     1365     9.76562500000000000000E-04     9.76562500000000000000E-04
     248     1410     9.76562500000000000000E-04     9.76562500000000000000E-04
     250     2214     3.12500000000000000000E-02     3.12500000000000000000E-02
     253     1955     7.81250000000000000000E-03     1.56250000000000000000E-02
     254     1662     3.90625000000000000000E-03     7.81250000000000000000E-03
     255     1505     1.95312500000000000000E-03     3.90625000000000000000E-03
     256     1531     1.95312500000000000000E-03     3.90625000000000000000E-03
     257     2142     1.56250000000000000000E-02     1.56250000000000000000E-02
     258     1278     7.81250000000000000000E-03     7.81250000000000000000E-03
     259     1145     3.90625000000000000000E-03     3.90625000000000000000E-03
     260     1105     1.95312500000000000000E-03     1.95312500000000000000E-03
     261     1063     1.95312500000000000000E-03     1.95312500000000000000E-03
     269     1666     7.81250000000000000000E-03     1.17187500000000000000E-02
     274     1559     3.90625000000000000000E-03     5.85937500000000000000E-03
     275     1345     1.95312500000000000000E-03     2.92968750000000000000E-03
     276     1248     9.76562500000000000000E-04     1.46484375000000000000E-03
     277     1161     9.76562500000000000000E-04     1.46484375000000000000E-03
     278     1836     7.81250000000000000000E-03     2.34375000000000000000E-02
     283     1595     3.90625000000000000000E-03     1.17187500000000000000E-02
     284     1285     1.95312500000000000000E-03     5.85937500000000000000E-03
     285     2028     1.56250000000000000000E-02     1.56250000000000000000E-02
     291     1572     5.85937500000000000000E-03     7.81250000000000000000E-03
     300     1748     3.90625000000000000000E-03     2.34375000000000000000E-02
     308     1603     1.95312500000000000000E-03     1.95312500000000000000E-02
     309     1574     1.95312500000000000000E-03     1.17187500000000000000E-02
     310     1363     9.76562500000000000000E-04     5.85937500000000000000E-03
     311     1344     9.76562500000000000000E-04     5.85937500000000000000E-03
     312     1330     9.76562500000000000000E-04     9.76562500000000000000E-03
     313     1998     7.81250000000000000000E-03     3.90625000000000000000E-02
     314     1724     3.90625000000000000000E-03     1.95312500000000000000E-02
     315     1717     3.90625000000000000000E-03     1.95312500000000000000E-02
     316     1515     1.95312500000000000000E-03     9.76562500000000000000E-03
     317     1492     3.90625000000000000000E-03     1.95312500000000000000E-02
     318     1456     1.95312500000000000000E-03     9.76562500000000000000E-03
     319     1322     1.95312500000000000000E-03     9.76562500000000000000E-03
     320     1397     9.76562500000000000000E-04     4.88281250000000000000E-03
     321     1464     1.95312500000000000000E-03     2.14843750000000000000E-02
     322     1644     1.95312500000000000000E-03     9.76562500000000000000E-03
     323     1343     9.76562500000000000000E-04     1.17187500000000000000E-02
     324     1329     9.76562500000000000000E-04     4.88281250000000000000E-03
     325     1383     9.76562500000000000000E-04     1.07421875000000000000E-02
     326     1424     9.76562500000000000000E-04     1.07421875000000000000E-02
     329     2264     3.12500000000000000000E-02     3.12500000000000000000E-02
     330     2326     3.12500000000000000000E-02     3.12500000000000000000E-02
     331     2091     1.56250000000000000000E-02     1.56250000000000000000E-02
     332     2052     1.56250000000000000000E-02     1.56250000000000000000E-02
     333     2013     7.81250000000000000000E-03     7.81250000000000000000E-03
     334     1982     7.81250000000000000000E-03     7.81250000000000000000E-03
     335     1851     3.90625000000000000000E-03     3.90625000000000000000E-03
     336     1798     3.90625000000000000000E-03     3.90625000000000000000E-03
     337     1469     1.95312500000000000000E-03     1.95312500000000000000E-03
     338     1635     1.95312500000000000000E-03     1.95312500000000000000E-03
     339     1565     1.95312500000000000000E-03     1.95312500000000000000E-03
     340     1723     3.90625000000000000000E-03     3.90625000000000000000E-03
     341     1986     7.81250000000000000000E-03     7.81250000000000000000E-03
     342     1968     7.81250000000000000000E-03     7.81250000000000000000E-03
     343     1831     3.90625000000000000000E-03     3.90625000000000000000E-03
     344     1771     3.90625000000000000000E-03     3.90625000000000000000E-03
     345     1588     1.95312500000000000000E-03     1.95312500000000000000E-03
     346     1819     3.90625000000000000000E-03     3.90625000000000000000E-03
     347     2153     1.56250000000000000000E-02     1.56250000000000000000E-02
     348     1550     7.81250000000000000000E-03     7.81250000000000000000E-03
     349     1934     7.81250000000000000000E-03     7.81250000000000000000E-03
     350     1850     3.90625000000000000000E-03     3.90625000000000000000E-03
     351     1421     3.90625000000000000000E-03     3.90625000000000000000E-03
     352     1436     3.90625000000000000000E-03     8.78906250000000000000E-03
     353     2483     3.12500000000000000000E-02     3.12500000000000000000E-02
     354     2300     1.56250000000000000000E-02     1.56250000000000000000E-02
     355     2185     1.56250000000000000000E-02     1.56250000000000000000E-02
     356     1895     7.81250000000000000000E-03     7.81250000000000000000E-03
     357     1889     7.81250000000000000000E-03     7.81250000000000000000E-03
     358     1777     3.90625000000000000000E-03     3.90625000000000000000E-03
     359     1683     3.90625000000000000000E-03     3.90625000000000000000E-03
     360     1501     1.95312500000000000000E-03     1.95312500000000000000E-03
     361     1542     1.95312500000000000000E-03     5.85937500000000000000E-03
     362     1546     3.90625000000000000000E-03     7.81250000000000000000E-03
     363     1351     1.95312500000000000000E-03     3.90625000000000000000E-03
     364     1298     1.95312500000000000000E-03     3.90625000000000000000E-03
     365     2080     7.81250000000000000000E-03     7.81250000000000000000E-03
     366     1915     3.90625000000000000000E-03     3.90625000000000000000E-03
     367     1903     3.90625000000000000000E-03     3.90625000000000000000E-03
     368     1746     1.95312500000000000000E-03     1.95312500000000000000E-03
     369     1754     1.95312500000000000000E-03     1.95312500000000000000E-03
