DIAGNOSTIC DUMP FOR TARGET: YY2352649
sire_idx=4202  dam_idx=4378
dot(anc_s,anc_d)=    8.51217508316040039062E-02
ancestor list (index, anc_id, val_s):
       1     4202     1.00000000000000000000E+00
       2     3281     5.00000000000000000000E-01
       3     3256     5.00000000000000000000E-01
       4     2720     2.50000000000000000000E-01
       5     2718     2.50000000000000000000E-01
       6     2359     1.25000000000000000000E-01
       7     2378     1.25000000000000000000E-01
       8     2074     6.25000000000000000000E-02
       9     2295     6.25000000000000000000E-02
      10     2164     3.12500000000000000000E-02
      11     2170     3.12500000000000000000E-02
      12     1307     1.56250000000000000000E-02
      13     1326     1.95312500000000000000E-02
      14     1209     8.49609375000000000000E-02
      15     1219     9.76562500000000000000E-03
      16     1064     6.68945312500000000000E-02
      17     1055     4.24804687500000000000E-02
      18     1044     3.34472656250000000000E-02
      19     1018     3.34472656250000000000E-02
      20     1146     7.81250000000000000000E-03
      21     1147     7.81250000000000000000E-03
      22     1396     2.53906250000000000000E-02
      23     1338     1.95312500000000000000E-02
      24     1162     9.76562500000000000000E-03
      25     1251     9.76562500000000000000E-03
      26     1153     1.26953125000000000000E-02
      27     1135     6.34765625000000000000E-03
      28     1088     1.02539062500000000000E-02
      29     1927     3.12500000000000000000E-02
      30     1946     3.12500000000000000000E-02
      31     1678     1.56250000000000000000E-02
      32     1844     1.56250000000000000000E-02
      33     1227     3.90625000000000000000E-02
      34     1476     7.81250000000000000000E-03
      35     1117     1.95312500000000000000E-02
      36     1136     1.95312500000000000000E-02
      37     1542     7.81250000000000000000E-03
      38     1583     1.56250000000000000000E-02
      39     1116     1.75781250000000000000E-02
      40     1427     7.81250000000000000000E-03
      41     1648     5.07812500000000000000E-02
      42     1679     1.56250000000000000000E-02
      43     1580     7.81250000000000000000E-03
      44     1495     7.81250000000000000000E-03
      45     1461     4.49218750000000000000E-02
      46     1440     2.53906250000000000000E-02
      47     1185     1.26953125000000000000E-02
      48     1180     2.24609375000000000000E-02
      49     1082     2.00195312500000000000E-02
      50     1098     1.12304687500000000000E-02
      51     2028     9.37500000000000000000E-02
      52     2204     6.25000000000000000000E-02
      53     2132     3.12500000000000000000E-02
      54     2050     3.12500000000000000000E-02
      55     1632     2.73437500000000000000E-02
      56     1980     1.56250000000000000000E-02
      57     1464     1.95312500000000000000E-02
      58     1805     7.81250000000000000000E-03
      59     1454     1.17187500000000000000E-02
      60     1587     3.90625000000000000000E-03
      61     1262     6.83593750000000000000E-03
      62     1233     5.85937500000000000000E-03
      63     1383     9.76562500000000000000E-03
      64     1424     9.76562500000000000000E-03
      65     1442     1.36718750000000000000E-02
      66     1234     6.83593750000000000000E-03
      67     2024     1.56250000000000000000E-02
      68     1864     1.56250000000000000000E-02
      69     1654     3.51562500000000000000E-02
      70     1707     7.81250000000000000000E-03
      71     1414     3.90625000000000000000E-03
      72     1533     3.90625000000000000000E-03
      73     1289     2.34375000000000000000E-02
      74     1350     1.75781250000000000000E-02
      75     1213     8.78906250000000000000E-03
      76     1272     9.76562500000000000000E-03
      77     1080     9.76562500000000000000E-03
      78     1103     4.88281250000000000000E-03
      79     1010     4.88281250000000000000E-03
      80     1001     4.88281250000000000000E-03
      81     1143     1.17187500000000000000E-02
      82     1069     5.85937500000000000000E-03
      83     1722     7.81250000000000000000E-03
      84     1799     7.81250000000000000000E-03
      85     1336     3.12500000000000000000E-02
      86     1183     7.81250000000000000000E-03
      87     1224     3.90625000000000000000E-02
      88     1243     1.56250000000000000000E-02
      89     1106     1.95312500000000000000E-02
      90     1127     1.95312500000000000000E-02
      91     1636     3.90625000000000000000E-03
      92     1573     3.90625000000000000000E-03
      93     1914     1.25000000000000000000E-01
      94     1998     4.68750000000000000000E-02
      95     1724     2.34375000000000000000E-02
      96     1717     3.12500000000000000000E-02
      97     1515     1.56250000000000000000E-02
      98     1492     1.56250000000000000000E-02
      99     1456     7.81250000000000000000E-03
     100     1322     7.81250000000000000000E-03
     101     1397     7.81250000000000000000E-03
     102     1644     1.17187500000000000000E-02
     103     1343     7.81250000000000000000E-03
     104     1329     5.85937500000000000000E-03
     105     1731     6.25000000000000000000E-02
     106     1809     6.25000000000000000000E-02
     107     1613     3.12500000000000000000E-02
     108     1649     3.12500000000000000000E-02
     109     1400     1.56250000000000000000E-02
     110     1349     2.14843750000000000000E-02
     111     1342     1.56250000000000000000E-02
     112     1148     1.07421875000000000000E-02
     113     1496     5.46875000000000000000E-02
     114     1571     3.12500000000000000000E-02
     115     1366     2.53906250000000000000E-02
     116     1418     2.14843750000000000000E-02
     117     1265     1.07421875000000000000E-02
     118     1203     1.07421875000000000000E-02
     119     1229     1.26953125000000000000E-02
     120     1171     1.26953125000000000000E-02
     121     1347     2.73437500000000000000E-02
     122     1441     2.73437500000000000000E-02
     123     2494     1.25000000000000000000E-01
     124     2347     1.25000000000000000000E-01
     125     2296     6.25000000000000000000E-02
     126     1597     3.12500000000000000000E-02
     127     2135     3.12500000000000000000E-02
     128     1368     1.56250000000000000000E-02
     129     1205     7.81250000000000000000E-03
     130     1228     7.81250000000000000000E-03
     131     1417     1.56250000000000000000E-02
     132     1202     1.46484375000000000000E-02
     133     1246     1.46484375000000000000E-02
     134     2073     9.37500000000000000000E-02
     135     2292     6.25000000000000000000E-02
     136     2145     3.12500000000000000000E-02
     137     2047     3.12500000000000000000E-02
     138     2026     1.56250000000000000000E-02
     139     1983     1.56250000000000000000E-02
     140     1663     7.81250000000000000000E-03
     141     1833     7.81250000000000000000E-03
     142     1370     2.53906250000000000000E-02
     143     1256     1.26953125000000000000E-02
     144     1120     8.30078125000000000000E-03
     145     1066     6.34765625000000000000E-03
     146     1520     3.90625000000000000000E-03
     147     1807     7.81250000000000000000E-03
     148     1598     3.90625000000000000000E-03
     149     1990     1.56250000000000000000E-02
     150     1994     1.56250000000000000000E-02
     151     1423     7.81250000000000000000E-03
     152     1804     7.81250000000000000000E-03
     153     1141     3.90625000000000000000E-03
     154     1628     3.90625000000000000000E-03
     155     1166     1.56250000000000000000E-02
     156     1230     3.90625000000000000000E-03
     157     1701     7.81250000000000000000E-03
     158     1436     7.81250000000000000000E-03
     159     2022     4.68750000000000000000E-02
     160     1909     4.68750000000000000000E-02
     161     1715     3.12500000000000000000E-02
     162     1823     2.34375000000000000000E-02
     163     1579     2.73437500000000000000E-02
     164     1451     1.36718750000000000000E-02
     165     1378     1.36718750000000000000E-02
     166     1200     6.83593750000000000000E-03
     167     1255     6.83593750000000000000E-03
     168     1525     1.56250000000000000000E-02
     169     1599     1.56250000000000000000E-02
     170     1443     7.81250000000000000000E-03
     171     1178     3.90625000000000000000E-03
     172     1352     1.56250000000000000000E-02
     173     1447     7.81250000000000000000E-03
     174     1160     1.17187500000000000000E-02
     175     1764     2.34375000000000000000E-02
     176     1812     2.34375000000000000000E-02
     177     1360     1.75781250000000000000E-02
     178     1575     1.17187500000000000000E-02
     179     1287     5.85937500000000000000E-03
     180     1312     5.85937500000000000000E-03
     181     1220     8.78906250000000000000E-03
     182     1528     1.17187500000000000000E-02
     183     1457     5.85937500000000000000E-03
     184     1375     5.85937500000000000000E-03
     185     2939     2.50000000000000000000E-01
     186     2958     2.50000000000000000000E-01
     187     2492     1.25000000000000000000E-01
     188     2434     1.25000000000000000000E-01
     189     2248     6.25000000000000000000E-02
     190     2230     6.25000000000000000000E-02
     191     2139     3.12500000000000000000E-02
     192     2044     3.12500000000000000000E-02
     193     1912     1.56250000000000000000E-02
     194     1962     1.56250000000000000000E-02
     195     1692     7.81250000000000000000E-03
     196     1730     7.81250000000000000000E-03
     197     1519     3.90625000000000000000E-03
     198     1327     1.95312500000000000000E-03
     199     1278     9.76562500000000000000E-03
     200     1145     4.88281250000000000000E-03
     201     1105     2.44140625000000000000E-03
     202     1063     2.44140625000000000000E-03
     203     1572     7.81250000000000000000E-03
     204     1600     3.90625000000000000000E-03
     205     1453     1.95312500000000000000E-03
     206     1446     1.95312500000000000000E-03
     207     1713     7.81250000000000000000E-03
     208     1794     7.81250000000000000000E-03
     209     1550     7.81250000000000000000E-03
     210     1536     3.90625000000000000000E-03
     211     1458     1.95312500000000000000E-03
     212     1323     1.95312500000000000000E-03
     213     1421     3.90625000000000000000E-03
     214     1594     3.90625000000000000000E-03
     215     1438     1.95312500000000000000E-03
     216     1335     1.95312500000000000000E-03
     217     2012     1.56250000000000000000E-02
     218     1923     1.56250000000000000000E-02
     219     1710     7.81250000000000000000E-03
     220     1838     7.81250000000000000000E-03
     221     1627     1.56250000000000000000E-02
     222     1291     7.81250000000000000000E-03
     223     1189     3.90625000000000000000E-03
     224     1199     3.90625000000000000000E-03
     225     1614     3.90625000000000000000E-03
     226     1612     3.90625000000000000000E-03
     227     1275     1.95312500000000000000E-03
     228     1196     9.76562500000000000000E-04
     229     1157     9.76562500000000000000E-04
     230     1361     7.81250000000000000000E-03
     231     1325     1.95312500000000000000E-03
     232     1158     9.76562500000000000000E-04
     233     1821     7.81250000000000000000E-03
     234     1721     7.81250000000000000000E-03
     235     1518     3.90625000000000000000E-03
     236     1589     3.90625000000000000000E-03
     237     1341     1.95312500000000000000E-03
     238     1357     1.95312500000000000000E-03
     239     1359     1.95312500000000000000E-03
     240     1201     3.90625000000000000000E-03
     241     1206     9.76562500000000000000E-04
     242     1096     4.88281250000000000000E-04
     243     1125     4.88281250000000000000E-04
     244     1172     9.76562500000000000000E-04
     245     1484     3.90625000000000000000E-03
     246     1365     1.95312500000000000000E-03
     247     1410     1.95312500000000000000E-03
     248     2130     3.12500000000000000000E-02
     249     1957     1.56250000000000000000E-02
     250     1993     1.56250000000000000000E-02
     251     1735     7.81250000000000000000E-03
     252     1538     3.90625000000000000000E-03
     253     1408     1.95312500000000000000E-03
     254     1212     9.76562500000000000000E-04
     255     1058     4.88281250000000000000E-04
     256     1073     4.88281250000000000000E-04
     257     1669     1.56250000000000000000E-02
     258     1753     7.81250000000000000000E-03
     259     1510     3.90625000000000000000E-03
     260     1364     1.95312500000000000000E-03
     261     1658     7.81250000000000000000E-03
     262     1554     7.81250000000000000000E-03
     263     1334     3.90625000000000000000E-03
     264     1428     3.90625000000000000000E-03
     265     1292     3.90625000000000000000E-03
     266     1385     3.90625000000000000000E-03
     267     2213     6.25000000000000000000E-02
     268     2193     6.25000000000000000000E-02
     269     1938     3.12500000000000000000E-02
     270     2180     3.12500000000000000000E-02
     271     1734     1.56250000000000000000E-02
     272     1684     1.56250000000000000000E-02
     273     1524     7.81250000000000000000E-03
     274     1294     3.90625000000000000000E-03
     275     1630     7.81250000000000000000E-03
     276     1640     7.81250000000000000000E-03
     277     1277     3.90625000000000000000E-03
     278     1305     3.90625000000000000000E-03
     279     2035     9.37500000000000000000E-02
     280     2119     3.12500000000000000000E-02
     281     1951     1.56250000000000000000E-02
     282     1989     1.56250000000000000000E-02
     283     1779     7.81250000000000000000E-03
     284     1617     3.90625000000000000000E-03
     285     1432     1.95312500000000000000E-03
     286     1309     1.95312500000000000000E-03
     287     1235     9.76562500000000000000E-04
     288     1179     9.76562500000000000000E-04
     289     1186     9.76562500000000000000E-04
     290     1140     9.76562500000000000000E-04
     291     1816     7.81250000000000000000E-03
     292     1659     3.90625000000000000000E-03
     293     1637     3.90625000000000000000E-03
     294     1348     1.95312500000000000000E-03
     295     1290     5.85937500000000000000E-03
     296     1379     1.95312500000000000000E-03
     297     1208     2.92968750000000000000E-03
     298     1211     2.92968750000000000000E-03
     299     1902     4.68750000000000000000E-02
     300     1896     4.68750000000000000000E-02
     301     1832     2.34375000000000000000E-02
     302     1847     2.34375000000000000000E-02
     303     1481     1.17187500000000000000E-02
     304     1311     5.85937500000000000000E-03
     305     1563     1.17187500000000000000E-02
     306     1590     1.17187500000000000000E-02
     307     1280     5.85937500000000000000E-03
     308     1459     5.85937500000000000000E-03
     309     1399     9.76562500000000000000E-03
     310     1381     5.85937500000000000000E-03
     311     1154     4.88281250000000000000E-03
     312     1685     2.34375000000000000000E-02
     313     1802     2.34375000000000000000E-02
     314     1517     1.17187500000000000000E-02
     315     1314     9.76562500000000000000E-03
     316     1416     5.85937500000000000000E-03
     317     1242     4.88281250000000000000E-03
     318     1149     4.88281250000000000000E-03
     319     1472     1.17187500000000000000E-02
     320     1653     1.17187500000000000000E-02
     321     1299     5.85937500000000000000E-03
     322     1175     2.92968750000000000000E-03
     323     2556     1.25000000000000000000E-01
     324     2681     1.25000000000000000000E-01
     325     2346     6.25000000000000000000E-02
     326     2354     6.25000000000000000000E-02
     327     2234     3.12500000000000000000E-02
     328     2262     3.12500000000000000000E-02
     329     1666     1.56250000000000000000E-02
     330     2070     1.56250000000000000000E-02
     331     1313     7.81250000000000000000E-03
     332     1169     3.90625000000000000000E-03
     333     1252     3.90625000000000000000E-03
     334     1560     7.81250000000000000000E-03
     335     1559     7.81250000000000000000E-03
     336     1345     3.90625000000000000000E-03
     337     1248     1.95312500000000000000E-03
     338     1161     1.95312500000000000000E-03
     339     1836     1.56250000000000000000E-02
     340     2186     1.56250000000000000000E-02
     341     1877     7.81250000000000000000E-03
     342     2015     7.81250000000000000000E-03
     343     1665     3.90625000000000000000E-03
     344     1595     7.81250000000000000000E-03
     345     1285     3.90625000000000000000E-03
     346     2124     3.12500000000000000000E-02
     347     2002     1.56250000000000000000E-02
     348     1954     1.56250000000000000000E-02
     349     1712     7.81250000000000000000E-03
     350     1544     3.90625000000000000000E-03
     351     1411     1.95312500000000000000E-03
     352     1748     7.81250000000000000000E-03
     353     1811     7.81250000000000000000E-03
     354     1497     3.90625000000000000000E-03
     355     1578     3.90625000000000000000E-03
     356     1413     1.95312500000000000000E-03
     357     1281     1.95312500000000000000E-03
     358     1296     1.95312500000000000000E-03
     359     1317     1.95312500000000000000E-03
     360     1603     3.90625000000000000000E-03
     361     1574     3.90625000000000000000E-03
     362     1363     1.95312500000000000000E-03
     363     1344     1.95312500000000000000E-03
     364     1330     1.95312500000000000000E-03
     365     2489     6.25000000000000000000E-02
     366     2214     3.12500000000000000000E-02
     367     2268     3.12500000000000000000E-02
     368     2045     1.56250000000000000000E-02
     369     1955     7.81250000000000000000E-03
     370     1662     3.90625000000000000000E-03
     371     1505     1.95312500000000000000E-03
     372     1531     1.95312500000000000000E-03
     373     2071     1.56250000000000000000E-02
     374     2142     1.56250000000000000000E-02
     375     1966     7.81250000000000000000E-03
     376     1747     3.90625000000000000000E-03
     377     1509     1.95312500000000000000E-03
     378     1622     1.95312500000000000000E-03
matching common ancestors (ii, anc_id, val_s, val_d):
       8     2074     6.25000000000000000000E-02     3.12500000000000000000E-02
      12     1307     1.56250000000000000000E-02     3.90625000000000000000E-03
      13     1326     1.95312500000000000000E-02     3.90625000000000000000E-03
      14     1209     8.49609375000000000000E-02     5.56640625000000000000E-02
      15     1219     9.76562500000000000000E-03     1.95312500000000000000E-03
      16     1064     6.68945312500000000000E-02     7.08007812500000000000E-02
      17     1055     4.24804687500000000000E-02     2.78320312500000000000E-02
      18     1044     3.34472656250000000000E-02     3.54003906250000000000E-02
      19     1018     3.34472656250000000000E-02     3.54003906250000000000E-02
      20     1146     7.81250000000000000000E-03     1.95312500000000000000E-03
      21     1147     7.81250000000000000000E-03     1.95312500000000000000E-03
      22     1396     2.53906250000000000000E-02     2.53906250000000000000E-02
      23     1338     1.95312500000000000000E-02     2.14843750000000000000E-02
      24     1162     9.76562500000000000000E-03     1.07421875000000000000E-02
      25     1251     9.76562500000000000000E-03     1.07421875000000000000E-02
      26     1153     1.26953125000000000000E-02     1.26953125000000000000E-02
      27     1135     6.34765625000000000000E-03     6.34765625000000000000E-03
      28     1088     1.02539062500000000000E-02     1.02539062500000000000E-02
      29     1927     3.12500000000000000000E-02     1.56250000000000000000E-02
      30     1946     3.12500000000000000000E-02     1.56250000000000000000E-02
      31     1678     1.56250000000000000000E-02     7.81250000000000000000E-03
      32     1844     1.56250000000000000000E-02     7.81250000000000000000E-03
      33     1227     3.90625000000000000000E-02     6.05468750000000000000E-02
      34     1476     7.81250000000000000000E-03     3.90625000000000000000E-03
      35     1117     1.95312500000000000000E-02     3.02734375000000000000E-02
      36     1136     1.95312500000000000000E-02     3.02734375000000000000E-02
      37     1542     7.81250000000000000000E-03     3.90625000000000000000E-03
      38     1583     1.56250000000000000000E-02     3.90625000000000000000E-03
      39     1116     1.75781250000000000000E-02     1.70898437500000000000E-02
      40     1427     7.81250000000000000000E-03     1.95312500000000000000E-03
      41     1648     5.07812500000000000000E-02     8.59375000000000000000E-02
      42     1679     1.56250000000000000000E-02     7.81250000000000000000E-03
      43     1580     7.81250000000000000000E-03     3.90625000000000000000E-03
      44     1495     7.81250000000000000000E-03     3.90625000000000000000E-03
      45     1461     4.49218750000000000000E-02     7.22656250000000000000E-02
      46     1440     2.53906250000000000000E-02     4.29687500000000000000E-02
      47     1185     1.26953125000000000000E-02     2.14843750000000000000E-02
      48     1180     2.24609375000000000000E-02     3.61328125000000000000E-02
      49     1082     2.00195312500000000000E-02     3.46679687500000000000E-02
      50     1098     1.12304687500000000000E-02     1.80664062500000000000E-02
      55     1632     2.73437500000000000000E-02     1.95312500000000000000E-02
      57     1464     1.95312500000000000000E-02     5.85937500000000000000E-03
      58     1805     7.81250000000000000000E-03     3.90625000000000000000E-03
      59     1454     1.17187500000000000000E-02     3.90625000000000000000E-03
      60     1587     3.90625000000000000000E-03     1.95312500000000000000E-03
      61     1262     6.83593750000000000000E-03     4.88281250000000000000E-03
      62     1233     5.85937500000000000000E-03     1.95312500000000000000E-03
      63     1383     9.76562500000000000000E-03     2.92968750000000000000E-03
      64     1424     9.76562500000000000000E-03     2.92968750000000000000E-03
      65     1442     1.36718750000000000000E-02     9.76562500000000000000E-03
      66     1234     6.83593750000000000000E-03     4.88281250000000000000E-03
      69     1654     3.51562500000000000000E-02     1.17187500000000000000E-02
      71     1414     3.90625000000000000000E-03     3.90625000000000000000E-03
      73     1289     2.34375000000000000000E-02     5.27343750000000000000E-02
      74     1350     1.75781250000000000000E-02     5.85937500000000000000E-03
      75     1213     8.78906250000000000000E-03     2.92968750000000000000E-03
      76     1272     9.76562500000000000000E-03     1.17187500000000000000E-02
      77     1080     9.76562500000000000000E-03     9.76562500000000000000E-03
      78     1103     4.88281250000000000000E-03     5.85937500000000000000E-03
      79     1010     4.88281250000000000000E-03     4.88281250000000000000E-03
      80     1001     4.88281250000000000000E-03     4.88281250000000000000E-03
      81     1143     1.17187500000000000000E-02     2.63671875000000000000E-02
      82     1069     5.85937500000000000000E-03     1.31835937500000000000E-02
      85     1336     3.12500000000000000000E-02     7.81250000000000000000E-03
      86     1183     7.81250000000000000000E-03     1.95312500000000000000E-03
      87     1224     3.90625000000000000000E-02     1.56250000000000000000E-02
      88     1243     1.56250000000000000000E-02     3.90625000000000000000E-03
      89     1106     1.95312500000000000000E-02     7.81250000000000000000E-03
      90     1127     1.95312500000000000000E-02     7.81250000000000000000E-03
      91     1636     3.90625000000000000000E-03     7.81250000000000000000E-03
      95     1724     2.34375000000000000000E-02     3.90625000000000000000E-03
      96     1717     3.12500000000000000000E-02     7.81250000000000000000E-03
      97     1515     1.56250000000000000000E-02     3.90625000000000000000E-03
      98     1492     1.56250000000000000000E-02     1.95312500000000000000E-02
      99     1456     7.81250000000000000000E-03     9.76562500000000000000E-03
     100     1322     7.81250000000000000000E-03     9.76562500000000000000E-03
     101     1397     7.81250000000000000000E-03     5.85937500000000000000E-03
     102     1644     1.17187500000000000000E-02     1.95312500000000000000E-03
     103     1343     7.81250000000000000000E-03     2.92968750000000000000E-03
     104     1329     5.85937500000000000000E-03     9.76562500000000000000E-04
     113     1496     5.46875000000000000000E-02     5.85937500000000000000E-02
     115     1366     2.53906250000000000000E-02     5.85937500000000000000E-03
     116     1418     2.14843750000000000000E-02     5.85937500000000000000E-03
     117     1265     1.07421875000000000000E-02     2.92968750000000000000E-03
     118     1203     1.07421875000000000000E-02     2.92968750000000000000E-03
     119     1229     1.26953125000000000000E-02     2.92968750000000000000E-03
     120     1171     1.26953125000000000000E-02     2.92968750000000000000E-03
     121     1347     2.73437500000000000000E-02     2.92968750000000000000E-02
     122     1441     2.73437500000000000000E-02     2.92968750000000000000E-02
     126     1597     3.12500000000000000000E-02     7.81250000000000000000E-03
     128     1368     1.56250000000000000000E-02     1.95312500000000000000E-03
     129     1205     7.81250000000000000000E-03     9.76562500000000000000E-04
     130     1228     7.81250000000000000000E-03     9.76562500000000000000E-04
     131     1417     1.56250000000000000000E-02     3.90625000000000000000E-03
     132     1202     1.46484375000000000000E-02     2.92968750000000000000E-03
     133     1246     1.46484375000000000000E-02     2.92968750000000000000E-03
     134     2073     9.37500000000000000000E-02     3.12500000000000000000E-02
     142     1370     2.53906250000000000000E-02     2.34375000000000000000E-02
     143     1256     1.26953125000000000000E-02     1.17187500000000000000E-02
     144     1120     8.30078125000000000000E-03     7.81250000000000000000E-03
     145     1066     6.34765625000000000000E-03     5.85937500000000000000E-03
     146     1520     3.90625000000000000000E-03     3.90625000000000000000E-03
     151     1423     7.81250000000000000000E-03     1.17187500000000000000E-02
     152     1804     7.81250000000000000000E-03     7.81250000000000000000E-03
     153     1141     3.90625000000000000000E-03     5.85937500000000000000E-03
     154     1628     3.90625000000000000000E-03     3.90625000000000000000E-03
     155     1166     1.56250000000000000000E-02     1.07421875000000000000E-02
     156     1230     3.90625000000000000000E-03     5.85937500000000000000E-03
     158     1436     7.81250000000000000000E-03     1.95312500000000000000E-03
     159     2022     4.68750000000000000000E-02     1.09375000000000000000E-01
     160     1909     4.68750000000000000000E-02     1.56250000000000000000E-02
     161     1715     3.12500000000000000000E-02     1.56250000000000000000E-02
     162     1823     2.34375000000000000000E-02     7.81250000000000000000E-03
     163     1579     2.73437500000000000000E-02     3.90625000000000000000E-03
     164     1451     1.36718750000000000000E-02     1.95312500000000000000E-03
     165     1378     1.36718750000000000000E-02     1.95312500000000000000E-03
     166     1200     6.83593750000000000000E-03     9.76562500000000000000E-04
     167     1255     6.83593750000000000000E-03     9.76562500000000000000E-04
     168     1525     1.56250000000000000000E-02     1.17187500000000000000E-02
     169     1599     1.56250000000000000000E-02     7.81250000000000000000E-03
     170     1443     7.81250000000000000000E-03     3.90625000000000000000E-03
     171     1178     3.90625000000000000000E-03     1.95312500000000000000E-03
     172     1352     1.56250000000000000000E-02     9.76562500000000000000E-03
     173     1447     7.81250000000000000000E-03     5.85937500000000000000E-03
     174     1160     1.17187500000000000000E-02     4.88281250000000000000E-03
     175     1764     2.34375000000000000000E-02     5.46875000000000000000E-02
     176     1812     2.34375000000000000000E-02     5.46875000000000000000E-02
     177     1360     1.75781250000000000000E-02     3.32031250000000000000E-02
     178     1575     1.17187500000000000000E-02     2.73437500000000000000E-02
     179     1287     5.85937500000000000000E-03     1.56250000000000000000E-02
     180     1312     5.85937500000000000000E-03     1.36718750000000000000E-02
     181     1220     8.78906250000000000000E-03     1.66015625000000000000E-02
     182     1528     1.17187500000000000000E-02     2.73437500000000000000E-02
     183     1457     5.85937500000000000000E-03     1.36718750000000000000E-02
     184     1375     5.85937500000000000000E-03     1.36718750000000000000E-02
     189     2248     6.25000000000000000000E-02     6.25000000000000000000E-02
     199     1278     9.76562500000000000000E-03     7.81250000000000000000E-03
     200     1145     4.88281250000000000000E-03     3.90625000000000000000E-03
     201     1105     2.44140625000000000000E-03     1.95312500000000000000E-03
     202     1063     2.44140625000000000000E-03     1.95312500000000000000E-03
     203     1572     7.81250000000000000000E-03     7.81250000000000000000E-03
     209     1550     7.81250000000000000000E-03     3.90625000000000000000E-03
     213     1421     3.90625000000000000000E-03     5.85937500000000000000E-03
     221     1627     1.56250000000000000000E-02     3.90625000000000000000E-03
     222     1291     7.81250000000000000000E-03     1.95312500000000000000E-03
     223     1189     3.90625000000000000000E-03     9.76562500000000000000E-04
     224     1199     3.90625000000000000000E-03     9.76562500000000000000E-04
     226     1612     3.90625000000000000000E-03     1.56250000000000000000E-02
     227     1275     1.95312500000000000000E-03     7.81250000000000000000E-03
     228     1196     9.76562500000000000000E-04     3.90625000000000000000E-03
     229     1157     9.76562500000000000000E-04     3.90625000000000000000E-03
     230     1361     7.81250000000000000000E-03     1.95312500000000000000E-03
     231     1325     1.95312500000000000000E-03     1.95312500000000000000E-03
     232     1158     9.76562500000000000000E-04     9.76562500000000000000E-04
     240     1201     3.90625000000000000000E-03     6.83593750000000000000E-03
     241     1206     9.76562500000000000000E-04     3.90625000000000000000E-03
     242     1096     4.88281250000000000000E-04     1.95312500000000000000E-03
     243     1125     4.88281250000000000000E-04     1.95312500000000000000E-03
     248     2130     3.12500000000000000000E-02     3.12500000000000000000E-02
     249     1957     1.56250000000000000000E-02     1.56250000000000000000E-02
     250     1993     1.56250000000000000000E-02     1.56250000000000000000E-02
     251     1735     7.81250000000000000000E-03     7.81250000000000000000E-03
     252     1538     3.90625000000000000000E-03     3.90625000000000000000E-03
     253     1408     1.95312500000000000000E-03     1.75781250000000000000E-02
     254     1212     9.76562500000000000000E-04     8.78906250000000000000E-03
     255     1058     4.88281250000000000000E-04     4.39453125000000000000E-03
     256     1073     4.88281250000000000000E-04     4.39453125000000000000E-03
     257     1669     1.56250000000000000000E-02     7.81250000000000000000E-03
     258     1753     7.81250000000000000000E-03     7.81250000000000000000E-03
     259     1510     3.90625000000000000000E-03     3.90625000000000000000E-03
     260     1364     1.95312500000000000000E-03     1.95312500000000000000E-03
     261     1658     7.81250000000000000000E-03     3.90625000000000000000E-03
     262     1554     7.81250000000000000000E-03     3.90625000000000000000E-03
     263     1334     3.90625000000000000000E-03     1.95312500000000000000E-03
     264     1428     3.90625000000000000000E-03     1.95312500000000000000E-03
     265     1292     3.90625000000000000000E-03     1.95312500000000000000E-03
     266     1385     3.90625000000000000000E-03     1.95312500000000000000E-03
     267     2213     6.25000000000000000000E-02     6.25000000000000000000E-02
     269     1938     3.12500000000000000000E-02     1.56250000000000000000E-02
     271     1734     1.56250000000000000000E-02     7.81250000000000000000E-03
     272     1684     1.56250000000000000000E-02     7.81250000000000000000E-03
     273     1524     7.81250000000000000000E-03     3.90625000000000000000E-03
     274     1294     3.90625000000000000000E-03     1.95312500000000000000E-03
     275     1630     7.81250000000000000000E-03     3.90625000000000000000E-03
     276     1640     7.81250000000000000000E-03     3.90625000000000000000E-03
     277     1277     3.90625000000000000000E-03     1.95312500000000000000E-03
     278     1305     3.90625000000000000000E-03     1.95312500000000000000E-03
     279     2035     9.37500000000000000000E-02     3.12500000000000000000E-02
     280     2119     3.12500000000000000000E-02     3.12500000000000000000E-02
     281     1951     1.56250000000000000000E-02     1.56250000000000000000E-02
     282     1989     1.56250000000000000000E-02     1.56250000000000000000E-02
     283     1779     7.81250000000000000000E-03     7.81250000000000000000E-03
     284     1617     3.90625000000000000000E-03     3.90625000000000000000E-03
     285     1432     1.95312500000000000000E-03     1.95312500000000000000E-03
     286     1309     1.95312500000000000000E-03     1.95312500000000000000E-03
     287     1235     9.76562500000000000000E-04     9.76562500000000000000E-04
     288     1179     9.76562500000000000000E-04     9.76562500000000000000E-04
     289     1186     9.76562500000000000000E-04     9.76562500000000000000E-04
     290     1140     9.76562500000000000000E-04     9.76562500000000000000E-04
     291     1816     7.81250000000000000000E-03     7.81250000000000000000E-03
     292     1659     3.90625000000000000000E-03     3.90625000000000000000E-03
     293     1637     3.90625000000000000000E-03     3.90625000000000000000E-03
     294     1348     1.95312500000000000000E-03     1.95312500000000000000E-03
     295     1290     5.85937500000000000000E-03     9.76562500000000000000E-03
     296     1379     1.95312500000000000000E-03     1.95312500000000000000E-03
     297     1208     2.92968750000000000000E-03     2.05078125000000000000E-02
     298     1211     2.92968750000000000000E-03     4.88281250000000000000E-03
     299     1902     4.68750000000000000000E-02     4.68750000000000000000E-02
     300     1896     4.68750000000000000000E-02     1.56250000000000000000E-02
     301     1832     2.34375000000000000000E-02     7.81250000000000000000E-03
     302     1847     2.34375000000000000000E-02     7.81250000000000000000E-03
     303     1481     1.17187500000000000000E-02     3.90625000000000000000E-03
     304     1311     5.85937500000000000000E-03     1.95312500000000000000E-03
     305     1563     1.17187500000000000000E-02     3.90625000000000000000E-03
     306     1590     1.17187500000000000000E-02     3.90625000000000000000E-03
     307     1280     5.85937500000000000000E-03     1.95312500000000000000E-03
     308     1459     5.85937500000000000000E-03     1.95312500000000000000E-03
     309     1399     9.76562500000000000000E-03     2.92968750000000000000E-02
     310     1381     5.85937500000000000000E-03     1.95312500000000000000E-03
     311     1154     4.88281250000000000000E-03     2.05078125000000000000E-02
     312     1685     2.34375000000000000000E-02     2.34375000000000000000E-02
     313     1802     2.34375000000000000000E-02     4.68750000000000000000E-02
     314     1517     1.17187500000000000000E-02     2.34375000000000000000E-02
     315     1314     9.76562500000000000000E-03     1.56250000000000000000E-02
     316     1416     5.85937500000000000000E-03     1.17187500000000000000E-02
     317     1242     4.88281250000000000000E-03     7.81250000000000000000E-03
     318     1149     4.88281250000000000000E-03     7.81250000000000000000E-03
     319     1472     1.17187500000000000000E-02     1.17187500000000000000E-02
     320     1653     1.17187500000000000000E-02     1.17187500000000000000E-02
     321     1299     5.85937500000000000000E-03     5.85937500000000000000E-03
     322     1175     2.92968750000000000000E-03     2.92968750000000000000E-03
     329     1666     1.56250000000000000000E-02     1.56250000000000000000E-02
     331     1313     7.81250000000000000000E-03     9.76562500000000000000E-04
     332     1169     3.90625000000000000000E-03     4.88281250000000000000E-04
     333     1252     3.90625000000000000000E-03     4.88281250000000000000E-04
     334     1560     7.81250000000000000000E-03     4.29687500000000000000E-02
     335     1559     7.81250000000000000000E-03     7.81250000000000000000E-03
     336     1345     3.90625000000000000000E-03     3.90625000000000000000E-03
     337     1248     1.95312500000000000000E-03     1.95312500000000000000E-03
     338     1161     1.95312500000000000000E-03     1.95312500000000000000E-03
     339     1836     1.56250000000000000000E-02     2.34375000000000000000E-02
     344     1595     7.81250000000000000000E-03     2.73437500000000000000E-02
     345     1285     3.90625000000000000000E-03     1.36718750000000000000E-02
     352     1748     7.81250000000000000000E-03     7.81250000000000000000E-03
     360     1603     3.90625000000000000000E-03     1.95312500000000000000E-02
     361     1574     3.90625000000000000000E-03     3.90625000000000000000E-03
     362     1363     1.95312500000000000000E-03     1.95312500000000000000E-03
     363     1344     1.95312500000000000000E-03     1.95312500000000000000E-03
     364     1330     1.95312500000000000000E-03     9.76562500000000000000E-03
     366     2214     3.12500000000000000000E-02     3.12500000000000000000E-02
     369     1955     7.81250000000000000000E-03     7.81250000000000000000E-03
     370     1662     3.90625000000000000000E-03     3.90625000000000000000E-03
     371     1505     1.95312500000000000000E-03     1.95312500000000000000E-03
     372     1531     1.95312500000000000000E-03     1.95312500000000000000E-03
     373     2071     1.56250000000000000000E-02     1.56250000000000000000E-02
     374     2142     1.56250000000000000000E-02     1.56250000000000000000E-02
     375     1966     7.81250000000000000000E-03     7.81250000000000000000E-03
     376     1747     3.90625000000000000000E-03     3.90625000000000000000E-03
     377     1509     1.95312500000000000000E-03     1.95312500000000000000E-03
     378     1622     1.95312500000000000000E-03     1.95312500000000000000E-03
