DIAGNOSTIC DUMP FOR TARGET: YY2554021
sire_idx=5785  dam_idx=5671
dot(anc_s,anc_d)=    6.10764399170875549316E-02
ancestor list (index, anc_id, val_s):
       1     5785     1.00000000000000000000E+00
       2     4025     5.00000000000000000000E-01
       3     4344     5.00000000000000000000E-01
       4     3385     2.50000000000000000000E-01
       5     3822     2.50000000000000000000E-01
       6     3034     1.25000000000000000000E-01
       7     3265     1.25000000000000000000E-01
       8     2933     6.25000000000000000000E-02
       9     2846     6.25000000000000000000E-02
      10     2626     3.12500000000000000000E-02
      11     2602     3.12500000000000000000E-02
      12     2260     6.25000000000000000000E-02
      13     2291     4.68750000000000000000E-02
      14     2022     4.29687500000000000000E-02
      15     2146     2.34375000000000000000E-02
      16     2011     1.17187500000000000000E-02
      17     1883     1.17187500000000000000E-02
      18     1461     4.73632812500000000000E-02
      19     1846     5.85937500000000000000E-03
      20     1396     2.19726562500000000000E-02
      21     1546     6.83593750000000000000E-03
      22     1351     3.41796875000000000000E-03
      23     1298     3.41796875000000000000E-03
      24     1064     5.94482421875000000000E-02
      25     1153     1.09863281250000000000E-02
      26     1135     5.49316406250000000000E-03
      27     1088     1.23291015625000000000E-02
      28     1044     2.97241210937500000000E-02
      29     1018     2.97241210937500000000E-02
      30     1227     3.85742187500000000000E-02
      31     1180     2.36816406250000000000E-02
      32     1082     1.98974609375000000000E-02
      33     1098     1.18408203125000000000E-02
      34     1117     1.92871093750000000000E-02
      35     1136     1.92871093750000000000E-02
      36     1603     2.05078125000000000000E-02
      37     1680     5.85937500000000000000E-03
      38     1636     8.78906250000000000000E-03
      39     1643     2.92968750000000000000E-03
      40     1370     3.71093750000000000000E-02
      41     1330     1.02539062500000000000E-02
      42     1224     2.97851562500000000000E-02
      43     1256     1.85546875000000000000E-02
      44     1120     9.76562500000000000000E-03
      45     1066     9.27734375000000000000E-03
      46     1106     1.48925781250000000000E-02
      47     1127     1.48925781250000000000E-02
      48     1764     2.14843750000000000000E-02
      49     1812     2.14843750000000000000E-02
      50     1360     1.41601562500000000000E-02
      51     1575     1.07421875000000000000E-02
      52     1287     6.34765625000000000000E-03
      53     1312     5.37109375000000000000E-03
      54     1220     7.08007812500000000000E-03
      55     1496     5.56640625000000000000E-02
      56     1528     1.07421875000000000000E-02
      57     1457     6.34765625000000000000E-03
      58     1375     5.37109375000000000000E-03
      59     1347     2.78320312500000000000E-02
      60     1441     2.78320312500000000000E-02
      61     2151     7.81250000000000000000E-02
      62     2156     4.68750000000000000000E-02
      63     1913     6.25000000000000000000E-02
      64     1891     2.34375000000000000000E-02
      65     1839     1.17187500000000000000E-02
      66     1750     1.17187500000000000000E-02
      67     1597     9.76562500000000000000E-03
      68     1490     7.81250000000000000000E-03
      69     1201     8.05664062500000000000E-03
      70     1358     3.90625000000000000000E-03
      71     1336     1.36718750000000000000E-02
      72     1417     4.88281250000000000000E-03
      73     1202     9.52148437500000000000E-03
      74     1246     9.52148437500000000000E-03
      75     1243     6.83593750000000000000E-03
      76     1624     5.85937500000000000000E-03
      77     1530     1.17187500000000000000E-02
      78     1460     5.85937500000000000000E-03
      79     1290     9.27734375000000000000E-03
      80     1362     2.92968750000000000000E-03
      81     1208     5.61523437500000000000E-03
      82     1211     4.63867187500000000000E-03
      83     1836     3.12500000000000000000E-02
      84     1802     4.49218750000000000000E-02
      85     1517     2.24609375000000000000E-02
      86     1314     2.09960937500000000000E-02
      87     1416     1.12304687500000000000E-02
      88     1242     1.04980468750000000000E-02
      89     1149     1.04980468750000000000E-02
      90     1654     3.51562500000000000000E-02
      91     1595     1.56250000000000000000E-02
      92     1209     6.32324218750000000000E-02
      93     1285     7.81250000000000000000E-03
      94     1055     3.16162109375000000000E-02
      95     1289     2.19726562500000000000E-02
      96     1350     1.75781250000000000000E-02
      97     1213     8.78906250000000000000E-03
      98     1272     9.03320312500000000000E-03
      99     1080     1.15966796875000000000E-02
     100     1103     4.51660156250000000000E-03
     101     1010     6.53076171875000000000E-03
     102     1001     5.79833984375000000000E-03
     103     1143     1.09863281250000000000E-02
     104     1116     1.86767578125000000000E-02
     105     1069     5.49316406250000000000E-03
     106     1855     3.90625000000000000000E-02
     107     1977     3.90625000000000000000E-02
     108     1675     1.95312500000000000000E-02
     109     1774     1.95312500000000000000E-02
     110     1572     1.36718750000000000000E-02
     111     1634     9.76562500000000000000E-03
     112     1154     1.29394531250000000000E-02
     113     1591     9.76562500000000000000E-03
     114     1470     9.76562500000000000000E-03
     115     1423     1.07421875000000000000E-02
     116     1297     4.88281250000000000000E-03
     117     1166     1.70898437500000000000E-02
     118     1230     5.37109375000000000000E-03
     119     1414     1.07421875000000000000E-02
     120     1331     4.88281250000000000000E-03
     121     1697     1.95312500000000000000E-02
     122     1772     1.95312500000000000000E-02
     123     1585     9.76562500000000000000E-03
     124     1402     4.88281250000000000000E-03
     125     1321     4.88281250000000000000E-03
     126     1465     9.76562500000000000000E-03
     127     1486     9.76562500000000000000E-03
     128     1399     1.61132812500000000000E-02
     129     1391     4.88281250000000000000E-03
     130     1282     4.88281250000000000000E-03
     131     1426     4.88281250000000000000E-03
     132     2391     1.56250000000000000000E-02
     133     2483     1.56250000000000000000E-02
     134     2300     7.81250000000000000000E-03
     135     2185     1.17187500000000000000E-02
     136     1895     7.81250000000000000000E-03
     137     1889     7.81250000000000000000E-03
     138     1777     3.90625000000000000000E-03
     139     1683     3.90625000000000000000E-03
     140     1501     1.95312500000000000000E-03
     141     1542     5.85937500000000000000E-03
     142     1325     4.88281250000000000000E-03
     143     1262     9.03320312500000000000E-03
     144     1158     2.44140625000000000000E-03
     145     1648     5.56640625000000000000E-02
     146     2080     3.90625000000000000000E-03
     147     1915     1.95312500000000000000E-03
     148     1903     1.95312500000000000000E-03
     149     1746     9.76562500000000000000E-04
     150     1754     9.76562500000000000000E-04
     151     1492     2.24609375000000000000E-02
     152     1456     1.12304687500000000000E-02
     153     1322     1.12304687500000000000E-02
     154     1440     2.78320312500000000000E-02
     155     1185     1.39160156250000000000E-02
     156     2139     1.56250000000000000000E-02
     157     2269     7.03125000000000000000E-02
     158     1938     8.20312500000000000000E-02
     159     2177     3.51562500000000000000E-02
     160     1942     2.53906250000000000000E-02
     161     1900     1.75781250000000000000E-02
     162     1632     1.36718750000000000000E-02
     163     1612     1.07421875000000000000E-02
     164     1275     7.32421875000000000000E-03
     165     1196     3.66210937500000000000E-03
     166     1157     3.66210937500000000000E-03
     167     1442     6.83593750000000000000E-03
     168     1234     3.41796875000000000000E-03
     169     1769     1.26953125000000000000E-02
     170     1696     1.26953125000000000000E-02
     171     1141     1.02539062500000000000E-02
     172     1487     6.34765625000000000000E-03
     173     1478     6.34765625000000000000E-03
     174     1535     6.34765625000000000000E-03
     175     1734     4.10156250000000000000E-02
     176     1684     4.10156250000000000000E-02
     177     1352     2.34375000000000000000E-02
     178     1524     2.05078125000000000000E-02
     179     1294     1.02539062500000000000E-02
     180     1160     1.17187500000000000000E-02
     181     1630     2.05078125000000000000E-02
     182     1640     2.05078125000000000000E-02
     183     1277     1.02539062500000000000E-02
     184     1305     1.02539062500000000000E-02
     185     2012     7.81250000000000000000E-03
     186     1923     7.81250000000000000000E-03
     187     1710     3.90625000000000000000E-03
     188     1838     3.90625000000000000000E-03
     189     1627     4.88281250000000000000E-03
     190     1291     2.44140625000000000000E-03
     191     1189     1.22070312500000000000E-03
     192     1199     1.22070312500000000000E-03
     193     1614     1.95312500000000000000E-03
     194     1361     4.39453125000000000000E-03
     195     1821     3.90625000000000000000E-03
     196     1721     3.90625000000000000000E-03
     197     1518     1.95312500000000000000E-03
     198     1589     1.95312500000000000000E-03
     199     1341     9.76562500000000000000E-04
     200     1357     9.76562500000000000000E-04
     201     1359     9.76562500000000000000E-04
     202     1206     4.88281250000000000000E-04
     203     1096     2.44140625000000000000E-04
     204     1125     2.44140625000000000000E-04
     205     1172     4.88281250000000000000E-04
     206     1484     1.95312500000000000000E-03
     207     1365     9.76562500000000000000E-04
     208     1410     9.76562500000000000000E-04
     209     2693     3.12500000000000000000E-02
     210     2572     3.12500000000000000000E-02
     211     2073     3.90625000000000000000E-02
     212     2410     1.56250000000000000000E-02
     213     2168     1.56250000000000000000E-02
     214     2223     7.81250000000000000000E-03
     215     2034     3.90625000000000000000E-03
     216     2084     3.90625000000000000000E-03
     217     1725     1.95312500000000000000E-03
     218     1443     3.90625000000000000000E-03
     219     1178     1.95312500000000000000E-03
     220     1183     7.81250000000000000000E-03
     221     1988     7.81250000000000000000E-03
     222     1972     7.81250000000000000000E-03
     223     1804     5.85937500000000000000E-03
     224     1628     2.92968750000000000000E-03
     225     1834     3.90625000000000000000E-03
     226     1829     3.90625000000000000000E-03
     227     1529     1.95312500000000000000E-03
     228     1276     9.76562500000000000000E-04
     229     1520     2.92968750000000000000E-03
     230     1909     1.95312500000000000000E-02
     231     1715     1.17187500000000000000E-02
     232     1823     9.76562500000000000000E-03
     233     1579     1.66015625000000000000E-02
     234     1451     1.41601562500000000000E-02
     235     1378     1.41601562500000000000E-02
     236     1200     7.08007812500000000000E-03
     237     1255     7.08007812500000000000E-03
     238     1525     5.85937500000000000000E-03
     239     1599     5.85937500000000000000E-03
     240     1447     2.92968750000000000000E-03
     241     2224     1.56250000000000000000E-02
     242     2028     8.59375000000000000000E-02
     243     2124     7.81250000000000000000E-03
     244     2002     3.90625000000000000000E-03
     245     1954     3.90625000000000000000E-03
     246     1669     3.90625000000000000000E-03
     247     1712     1.95312500000000000000E-03
     248     1544     9.76562500000000000000E-04
     249     1349     8.78906250000000000000E-03
     250     1411     4.88281250000000000000E-04
     251     1148     4.39453125000000000000E-03
     252     1658     1.95312500000000000000E-03
     253     1554     1.95312500000000000000E-03
     254     1334     9.76562500000000000000E-04
     255     1428     9.76562500000000000000E-04
     256     1292     9.76562500000000000000E-04
     257     1385     9.76562500000000000000E-04
     258     1748     2.92968750000000000000E-02
     259     1811     1.95312500000000000000E-03
     260     1497     9.76562500000000000000E-04
     261     1578     9.76562500000000000000E-04
     262     1413     4.88281250000000000000E-04
     263     1281     4.88281250000000000000E-04
     264     1296     4.88281250000000000000E-04
     265     1317     4.88281250000000000000E-04
     266     1574     1.46484375000000000000E-02
     267     1363     7.32421875000000000000E-03
     268     1344     7.32421875000000000000E-03
     269     1914     5.07812500000000000000E-02
     270     1998     7.42187500000000000000E-02
     271     1724     3.71093750000000000000E-02
     272     1717     3.90625000000000000000E-02
     273     1515     1.95312500000000000000E-02
     274     1454     1.31835937500000000000E-02
     275     1397     9.76562500000000000000E-03
     276     1233     6.59179687500000000000E-03
     277     1464     2.05078125000000000000E-02
     278     1644     1.85546875000000000000E-02
     279     1343     1.36718750000000000000E-02
     280     1329     9.27734375000000000000E-03
     281     1383     1.02539062500000000000E-02
     282     1424     1.02539062500000000000E-02
     283     1731     2.53906250000000000000E-02
     284     1809     2.53906250000000000000E-02
     285     1613     1.46484375000000000000E-02
     286     1649     1.26953125000000000000E-02
     287     1400     6.34765625000000000000E-03
     288     1342     7.32421875000000000000E-03
     289     1571     1.26953125000000000000E-02
     290     1366     9.76562500000000000000E-03
     291     1418     9.76562500000000000000E-03
     292     1265     4.88281250000000000000E-03
     293     1203     4.88281250000000000000E-03
     294     1229     4.88281250000000000000E-03
     295     1171     4.88281250000000000000E-03
     296     2904     6.25000000000000000000E-02
     297     2741     6.25000000000000000000E-02
     298     2494     3.12500000000000000000E-02
     299     2622     3.12500000000000000000E-02
     300     2217     1.56250000000000000000E-02
     301     2347     1.56250000000000000000E-02
     302     2296     7.81250000000000000000E-03
     303     2135     3.90625000000000000000E-03
     304     1368     2.44140625000000000000E-03
     305     1205     1.22070312500000000000E-03
     306     1228     1.22070312500000000000E-03
     307     2071     3.90625000000000000000E-02
     308     2087     7.81250000000000000000E-03
     309     1939     7.81250000000000000000E-03
     310     1970     3.90625000000000000000E-03
     311     1560     7.81250000000000000000E-03
     312     1800     1.95312500000000000000E-03
     313     1592     9.76562500000000000000E-04
     314     1508     9.76562500000000000000E-04
     315     1338     3.90625000000000000000E-03
     316     1162     1.95312500000000000000E-03
     317     1251     1.95312500000000000000E-03
     318     1729     3.90625000000000000000E-03
     319     1751     3.90625000000000000000E-03
     320     1482     1.95312500000000000000E-03
     321     1471     1.95312500000000000000E-03
     322     1966     1.95312500000000000000E-02
     323     1747     9.76562500000000000000E-03
     324     1509     4.88281250000000000000E-03
     325     1622     4.88281250000000000000E-03
     326     2292     1.56250000000000000000E-02
     327     2145     7.81250000000000000000E-03
     328     2047     7.81250000000000000000E-03
     329     2026     3.90625000000000000000E-03
     330     1983     3.90625000000000000000E-03
     331     1663     1.95312500000000000000E-03
     332     1833     1.95312500000000000000E-03
     333     1326     1.17187500000000000000E-02
     334     1219     5.85937500000000000000E-03
     335     1807     1.95312500000000000000E-03
     336     1583     5.85937500000000000000E-03
     337     1427     2.92968750000000000000E-03
     338     1598     9.76562500000000000000E-04
     339     1990     3.90625000000000000000E-03
     340     1994     3.90625000000000000000E-03
     341     1701     1.95312500000000000000E-03
     342     1436     3.90625000000000000000E-03
     343     2641     3.12500000000000000000E-02
     344     2396     3.12500000000000000000E-02
     345     2263     3.12500000000000000000E-02
     346     2222     1.56250000000000000000E-02
     347     2074     7.81250000000000000000E-03
     348     2090     7.81250000000000000000E-03
     349     1917     3.90625000000000000000E-03
     350     1927     3.90625000000000000000E-03
     351     1946     3.90625000000000000000E-03
     352     1678     7.81250000000000000000E-03
     353     1844     1.95312500000000000000E-03
     354     1476     9.76562500000000000000E-04
     355     1679     1.95312500000000000000E-03
     356     1580     9.76562500000000000000E-04
     357     1495     9.76562500000000000000E-04
     358     1902     2.73437500000000000000E-02
     359     2140     1.56250000000000000000E-02
     360     1898     7.81250000000000000000E-03
     361     1693     3.90625000000000000000E-03
     362     1543     1.95312500000000000000E-03
     363     1551     1.95312500000000000000E-03
     364     1685     1.36718750000000000000E-02
     365     1472     6.83593750000000000000E-03
     366     1653     6.83593750000000000000E-03
     367     1299     3.41796875000000000000E-03
     368     1175     1.70898437500000000000E-03
     369     2749     1.25000000000000000000E-01
     370     3001     1.25000000000000000000E-01
     371     2816     6.25000000000000000000E-02
     372     2707     1.87500000000000000000E-01
     373     2467     9.37500000000000000000E-02
     374     2399     9.37500000000000000000E-02
     375     2132     4.68750000000000000000E-02
     376     2307     4.68750000000000000000E-02
     377     2123     2.34375000000000000000E-02
     378     1605     2.14843750000000000000E-02
     379     1995     1.17187500000000000000E-02
     380     1307     1.07421875000000000000E-02
     381     1146     5.37109375000000000000E-03
     382     1147     5.37109375000000000000E-03
     383     2024     2.34375000000000000000E-02
     384     1864     2.34375000000000000000E-02
     385     1707     1.17187500000000000000E-02
     386     1533     5.85937500000000000000E-03
     387     1722     1.17187500000000000000E-02
     388     1799     1.17187500000000000000E-02
     389     1573     5.85937500000000000000E-03
     390     2321     4.68750000000000000000E-02
     391     2037     2.34375000000000000000E-02
     392     2021     1.17187500000000000000E-02
     393     2027     1.17187500000000000000E-02
     394     1826     5.85937500000000000000E-03
     395     1582     2.92968750000000000000E-03
     396     1596     2.92968750000000000000E-03
     397     1302     1.46484375000000000000E-03
     398     2340     6.25000000000000000000E-02
     399     2112     3.12500000000000000000E-02
     400     2020     1.56250000000000000000E-02
     401     1666     7.81250000000000000000E-03
     402     1700     7.81250000000000000000E-03
     403     1537     3.90625000000000000000E-03
     404     1300     1.95312500000000000000E-03
     405     1254     9.76562500000000000000E-04
     406     1559     3.90625000000000000000E-03
     407     1345     1.95312500000000000000E-03
     408     1248     9.76562500000000000000E-04
     409     1161     9.76562500000000000000E-04
     410     2642     6.25000000000000000000E-02
     411     2617     6.25000000000000000000E-02
     412     2440     3.12500000000000000000E-02
     413     2367     3.12500000000000000000E-02
     414     2215     1.56250000000000000000E-02
     415     2328     1.56250000000000000000E-02
     416     2183     7.81250000000000000000E-03
     417     1863     3.90625000000000000000E-03
     418     1950     3.90625000000000000000E-03
     419     1698     1.95312500000000000000E-03
     420     1651     9.76562500000000000000E-04
     421     1608     9.76562500000000000000E-04
     422     2189     7.81250000000000000000E-03
     423     1876     3.90625000000000000000E-03
     424     1857     3.90625000000000000000E-03
     425     1805     1.95312500000000000000E-03
     426     1587     9.76562500000000000000E-04
     427     1781     1.95312500000000000000E-03
     428     1523     9.76562500000000000000E-04
     429     1557     9.76562500000000000000E-04
     430     2214     4.68750000000000000000E-02
     431     2142     2.34375000000000000000E-02
     432     1278     1.22070312500000000000E-02
     433     1145     6.10351562500000000000E-03
     434     1105     3.05175781250000000000E-03
     435     1063     3.05175781250000000000E-03
     436     2492     3.12500000000000000000E-02
     437     2434     3.12500000000000000000E-02
     438     2248     1.56250000000000000000E-02
     439     2230     1.56250000000000000000E-02
     440     2044     7.81250000000000000000E-03
     441     1912     3.90625000000000000000E-03
     442     1962     3.90625000000000000000E-03
     443     1692     1.95312500000000000000E-03
     444     1730     1.95312500000000000000E-03
     445     1519     9.76562500000000000000E-04
     446     1327     4.88281250000000000000E-04
     447     1600     9.76562500000000000000E-04
     448     1453     4.88281250000000000000E-04
     449     1446     4.88281250000000000000E-04
     450     1713     1.95312500000000000000E-03
     451     1794     1.95312500000000000000E-03
     452     1550     5.85937500000000000000E-03
     453     1536     9.76562500000000000000E-04
     454     1458     4.88281250000000000000E-04
     455     1323     4.88281250000000000000E-04
     456     1421     2.92968750000000000000E-03
     457     1594     9.76562500000000000000E-04
     458     1438     4.88281250000000000000E-04
     459     1335     4.88281250000000000000E-04
     460     2130     7.81250000000000000000E-03
     461     1957     3.90625000000000000000E-03
     462     1993     3.90625000000000000000E-03
     463     1735     1.95312500000000000000E-03
     464     1538     9.76562500000000000000E-04
     465     1408     4.88281250000000000000E-04
     466     1212     2.44140625000000000000E-04
     467     1058     1.22070312500000000000E-04
     468     1073     1.22070312500000000000E-04
     469     1753     1.95312500000000000000E-03
     470     1510     9.76562500000000000000E-04
     471     1364     4.88281250000000000000E-04
     472     2213     1.56250000000000000000E-02
     473     2193     1.56250000000000000000E-02
     474     2180     2.34375000000000000000E-02
     475     2035     2.34375000000000000000E-02
     476     2119     7.81250000000000000000E-03
     477     1951     3.51562500000000000000E-02
     478     1989     3.90625000000000000000E-03
     479     1779     1.95312500000000000000E-03
     480     1617     9.76562500000000000000E-04
     481     1432     4.88281250000000000000E-04
     482     1309     4.88281250000000000000E-04
     483     1235     2.44140625000000000000E-04
     484     1179     2.44140625000000000000E-04
     485     1186     2.44140625000000000000E-04
     486     1140     2.44140625000000000000E-04
     487     1816     1.75781250000000000000E-02
     488     1659     8.78906250000000000000E-03
     489     1637     8.78906250000000000000E-03
     490     1348     4.39453125000000000000E-03
     491     1379     4.39453125000000000000E-03
     492     1896     1.17187500000000000000E-02
     493     1832     5.85937500000000000000E-03
     494     1847     5.85937500000000000000E-03
     495     1481     2.92968750000000000000E-03
     496     1311     1.46484375000000000000E-03
     497     1563     2.92968750000000000000E-03
     498     1590     2.92968750000000000000E-03
     499     1280     1.46484375000000000000E-03
     500     1459     1.46484375000000000000E-03
     501     1381     1.46484375000000000000E-03
     502     3696     2.50000000000000000000E-01
     503     3756     2.50000000000000000000E-01
     504     2953     1.25000000000000000000E-01
     505     2442     6.25000000000000000000E-02
     506     2539     6.25000000000000000000E-02
     507     3099     1.25000000000000000000E-01
     508     3095     1.25000000000000000000E-01
     509     2822     6.25000000000000000000E-02
     510     2613     3.12500000000000000000E-02
     511     2604     3.12500000000000000000E-02
     512     2458     1.56250000000000000000E-02
     513     2038     7.81250000000000000000E-03
     514     1955     3.90625000000000000000E-03
     515     1662     1.95312500000000000000E-03
     516     1505     9.76562500000000000000E-04
     517     1531     9.76562500000000000000E-04
     518     2502     1.56250000000000000000E-02
     519     2257     7.81250000000000000000E-03
     520     1981     1.17187500000000000000E-02
     521     1825     5.85937500000000000000E-03
     522     1534     2.92968750000000000000E-03
     523     1306     1.46484375000000000000E-03
     524     1376     1.46484375000000000000E-03
     525     1218     7.32421875000000000000E-04
     526     1266     7.32421875000000000000E-04
     527     1181     7.32421875000000000000E-04
     528     2794     6.25000000000000000000E-02
     529     2715     6.25000000000000000000E-02
     530     2658     3.12500000000000000000E-02
     531     2688     3.12500000000000000000E-02
     532     2529     3.12500000000000000000E-02
     533     2264     1.56250000000000000000E-02
     534     2326     1.56250000000000000000E-02
     535     2091     7.81250000000000000000E-03
     536     2052     7.81250000000000000000E-03
     537     2013     3.90625000000000000000E-03
     538     1982     3.90625000000000000000E-03
     539     1851     1.95312500000000000000E-03
     540     1798     1.95312500000000000000E-03
     541     1469     9.76562500000000000000E-04
     542     1635     9.76562500000000000000E-04
     543     1565     9.76562500000000000000E-04
     544     1723     1.95312500000000000000E-03
     545     1986     3.90625000000000000000E-03
     546     1968     3.90625000000000000000E-03
     547     1831     1.95312500000000000000E-03
     548     1771     1.95312500000000000000E-03
     549     1588     9.76562500000000000000E-04
     550     1819     1.95312500000000000000E-03
     551     2153     7.81250000000000000000E-03
     552     1934     3.90625000000000000000E-03
     553     1850     1.95312500000000000000E-03
     554     2349     1.56250000000000000000E-02
     555     2309     7.81250000000000000000E-03
     556     2150     3.90625000000000000000E-03
     557     2066     3.90625000000000000000E-03
     558     1904     1.95312500000000000000E-03
     559     1926     1.95312500000000000000E-03
     560     1815     9.76562500000000000000E-04
     561     1664     9.76562500000000000000E-04
     562     1861     1.95312500000000000000E-03
     563     1936     1.95312500000000000000E-03
     564     1786     9.76562500000000000000E-04
     565     1681     9.76562500000000000000E-04
     566     1489     4.88281250000000000000E-04
     567     1479     4.88281250000000000000E-04
     568     1677     9.76562500000000000000E-04
     569     1532     4.88281250000000000000E-04
matching common ancestors (ii, anc_id, val_s, val_d):
      10     2626     3.12500000000000000000E-02     6.25000000000000000000E-02
      12     2260     6.25000000000000000000E-02     1.56250000000000000000E-02
      13     2291     4.68750000000000000000E-02     1.56250000000000000000E-02
      14     2022     4.29687500000000000000E-02     2.73437500000000000000E-02
      15     2146     2.34375000000000000000E-02     7.81250000000000000000E-03
      16     2011     1.17187500000000000000E-02     3.90625000000000000000E-03
      17     1883     1.17187500000000000000E-02     3.90625000000000000000E-03
      18     1461     4.73632812500000000000E-02     2.00195312500000000000E-02
      19     1846     5.85937500000000000000E-03     1.95312500000000000000E-03
      20     1396     2.19726562500000000000E-02     2.09960937500000000000E-02
      21     1546     6.83593750000000000000E-03     6.83593750000000000000E-03
      22     1351     3.41796875000000000000E-03     3.41796875000000000000E-03
      23     1298     3.41796875000000000000E-03     3.41796875000000000000E-03
      24     1064     5.94482421875000000000E-02     3.55224609375000000000E-02
      25     1153     1.09863281250000000000E-02     1.04980468750000000000E-02
      26     1135     5.49316406250000000000E-03     5.24902343750000000000E-03
      27     1088     1.23291015625000000000E-02     7.69042968750000000000E-03
      28     1044     2.97241210937500000000E-02     1.77612304687500000000E-02
      29     1018     2.97241210937500000000E-02     1.77612304687500000000E-02
      30     1227     3.85742187500000000000E-02     2.05078125000000000000E-02
      31     1180     2.36816406250000000000E-02     1.00097656250000000000E-02
      32     1082     1.98974609375000000000E-02     9.88769531250000000000E-03
      33     1098     1.18408203125000000000E-02     5.00488281250000000000E-03
      34     1117     1.92871093750000000000E-02     1.02539062500000000000E-02
      35     1136     1.92871093750000000000E-02     1.02539062500000000000E-02
      36     1603     2.05078125000000000000E-02     1.36718750000000000000E-02
      37     1680     5.85937500000000000000E-03     1.95312500000000000000E-03
      38     1636     8.78906250000000000000E-03     9.76562500000000000000E-04
      39     1643     2.92968750000000000000E-03     9.76562500000000000000E-04
      40     1370     3.71093750000000000000E-02     1.85546875000000000000E-02
      41     1330     1.02539062500000000000E-02     6.83593750000000000000E-03
      42     1224     2.97851562500000000000E-02     1.34277343750000000000E-02
      43     1256     1.85546875000000000000E-02     9.27734375000000000000E-03
      44     1120     9.76562500000000000000E-03     5.12695312500000000000E-03
      45     1066     9.27734375000000000000E-03     4.63867187500000000000E-03
      46     1106     1.48925781250000000000E-02     6.71386718750000000000E-03
      47     1127     1.48925781250000000000E-02     6.71386718750000000000E-03
      48     1764     2.14843750000000000000E-02     1.36718750000000000000E-02
      49     1812     2.14843750000000000000E-02     1.36718750000000000000E-02
      50     1360     1.41601562500000000000E-02     7.81250000000000000000E-03
      51     1575     1.07421875000000000000E-02     6.83593750000000000000E-03
      52     1287     6.34765625000000000000E-03     3.90625000000000000000E-03
      53     1312     5.37109375000000000000E-03     3.41796875000000000000E-03
      54     1220     7.08007812500000000000E-03     3.90625000000000000000E-03
      55     1496     5.56640625000000000000E-02     2.63671875000000000000E-02
      56     1528     1.07421875000000000000E-02     6.83593750000000000000E-03
      57     1457     6.34765625000000000000E-03     3.41796875000000000000E-03
      58     1375     5.37109375000000000000E-03     3.41796875000000000000E-03
      59     1347     2.78320312500000000000E-02     1.31835937500000000000E-02
      60     1441     2.78320312500000000000E-02     1.31835937500000000000E-02
      61     2151     7.81250000000000000000E-02     7.81250000000000000000E-03
      62     2156     4.68750000000000000000E-02     7.81250000000000000000E-03
      63     1913     6.25000000000000000000E-02     3.51562500000000000000E-02
      64     1891     2.34375000000000000000E-02     3.90625000000000000000E-03
      65     1839     1.17187500000000000000E-02     1.95312500000000000000E-03
      66     1750     1.17187500000000000000E-02     1.95312500000000000000E-03
      67     1597     9.76562500000000000000E-03     9.76562500000000000000E-04
      68     1490     7.81250000000000000000E-03     9.76562500000000000000E-04
      69     1201     8.05664062500000000000E-03     4.39453125000000000000E-03
      70     1358     3.90625000000000000000E-03     4.88281250000000000000E-04
      71     1336     1.36718750000000000000E-02     4.39453125000000000000E-03
      72     1417     4.88281250000000000000E-03     4.88281250000000000000E-04
      73     1202     9.52148437500000000000E-03     1.46484375000000000000E-03
      74     1246     9.52148437500000000000E-03     1.46484375000000000000E-03
      75     1243     6.83593750000000000000E-03     2.19726562500000000000E-03
      76     1624     5.85937500000000000000E-03     9.76562500000000000000E-04
      77     1530     1.17187500000000000000E-02     9.76562500000000000000E-04
      78     1460     5.85937500000000000000E-03     4.88281250000000000000E-04
      79     1290     9.27734375000000000000E-03     3.41796875000000000000E-03
      80     1362     2.92968750000000000000E-03     4.88281250000000000000E-04
      81     1208     5.61523437500000000000E-03     4.63867187500000000000E-03
      82     1211     4.63867187500000000000E-03     1.70898437500000000000E-03
      83     1836     3.12500000000000000000E-02     1.75781250000000000000E-02
      84     1802     4.49218750000000000000E-02     2.14843750000000000000E-02
      85     1517     2.24609375000000000000E-02     1.07421875000000000000E-02
      86     1314     2.09960937500000000000E-02     7.32421875000000000000E-03
      87     1416     1.12304687500000000000E-02     5.37109375000000000000E-03
      88     1242     1.04980468750000000000E-02     3.66210937500000000000E-03
      89     1149     1.04980468750000000000E-02     3.66210937500000000000E-03
      90     1654     3.51562500000000000000E-02     2.05078125000000000000E-02
      91     1595     1.56250000000000000000E-02     8.78906250000000000000E-03
      92     1209     6.32324218750000000000E-02     3.14941406250000000000E-02
      93     1285     7.81250000000000000000E-03     4.39453125000000000000E-03
      94     1055     3.16162109375000000000E-02     1.57470703125000000000E-02
      95     1289     2.19726562500000000000E-02     1.75781250000000000000E-02
      96     1350     1.75781250000000000000E-02     1.02539062500000000000E-02
      97     1213     8.78906250000000000000E-03     5.12695312500000000000E-03
      98     1272     9.03320312500000000000E-03     7.32421875000000000000E-03
      99     1080     1.15966796875000000000E-02     6.59179687500000000000E-03
     100     1103     4.51660156250000000000E-03     3.66210937500000000000E-03
     101     1010     6.53076171875000000000E-03     4.02832031250000000000E-03
     102     1001     5.79833984375000000000E-03     3.29589843750000000000E-03
     103     1143     1.09863281250000000000E-02     8.78906250000000000000E-03
     104     1116     1.86767578125000000000E-02     1.17187500000000000000E-02
     105     1069     5.49316406250000000000E-03     4.39453125000000000000E-03
     106     1855     3.90625000000000000000E-02     3.90625000000000000000E-03
     107     1977     3.90625000000000000000E-02     3.90625000000000000000E-03
     108     1675     1.95312500000000000000E-02     1.95312500000000000000E-03
     109     1774     1.95312500000000000000E-02     1.95312500000000000000E-03
     110     1572     1.36718750000000000000E-02     4.88281250000000000000E-03
     111     1634     9.76562500000000000000E-03     9.76562500000000000000E-04
     112     1154     1.29394531250000000000E-02     5.61523437500000000000E-03
     113     1591     9.76562500000000000000E-03     9.76562500000000000000E-04
     114     1470     9.76562500000000000000E-03     9.76562500000000000000E-04
     115     1423     1.07421875000000000000E-02     8.30078125000000000000E-03
     116     1297     4.88281250000000000000E-03     4.88281250000000000000E-04
     117     1166     1.70898437500000000000E-02     7.32421875000000000000E-03
     118     1230     5.37109375000000000000E-03     4.15039062500000000000E-03
     119     1414     1.07421875000000000000E-02     4.88281250000000000000E-04
     120     1331     4.88281250000000000000E-03     4.88281250000000000000E-04
     121     1697     1.95312500000000000000E-02     1.95312500000000000000E-03
     122     1772     1.95312500000000000000E-02     1.95312500000000000000E-03
     123     1585     9.76562500000000000000E-03     9.76562500000000000000E-04
     124     1402     4.88281250000000000000E-03     4.88281250000000000000E-04
     125     1321     4.88281250000000000000E-03     4.88281250000000000000E-04
     126     1465     9.76562500000000000000E-03     9.76562500000000000000E-04
     127     1486     9.76562500000000000000E-03     9.76562500000000000000E-04
     128     1399     1.61132812500000000000E-02     1.02539062500000000000E-02
     129     1391     4.88281250000000000000E-03     4.88281250000000000000E-04
     130     1282     4.88281250000000000000E-03     4.88281250000000000000E-04
     131     1426     4.88281250000000000000E-03     4.88281250000000000000E-04
     132     2391     1.56250000000000000000E-02     3.12500000000000000000E-02
     133     2483     1.56250000000000000000E-02     4.68750000000000000000E-02
     134     2300     7.81250000000000000000E-03     2.34375000000000000000E-02
     135     2185     1.17187500000000000000E-02     2.34375000000000000000E-02
     136     1895     7.81250000000000000000E-03     1.17187500000000000000E-02
     137     1889     7.81250000000000000000E-03     1.17187500000000000000E-02
     138     1777     3.90625000000000000000E-03     5.85937500000000000000E-03
     139     1683     3.90625000000000000000E-03     5.85937500000000000000E-03
     140     1501     1.95312500000000000000E-03     2.92968750000000000000E-03
     141     1542     5.85937500000000000000E-03     7.81250000000000000000E-03
     142     1325     4.88281250000000000000E-03     4.88281250000000000000E-03
     143     1262     9.03320312500000000000E-03     3.66210937500000000000E-03
     144     1158     2.44140625000000000000E-03     2.44140625000000000000E-03
     145     1648     5.56640625000000000000E-02     1.95312500000000000000E-02
     146     2080     3.90625000000000000000E-03     1.17187500000000000000E-02
     147     1915     1.95312500000000000000E-03     5.85937500000000000000E-03
     148     1903     1.95312500000000000000E-03     5.85937500000000000000E-03
     149     1746     9.76562500000000000000E-04     2.92968750000000000000E-03
     150     1754     9.76562500000000000000E-04     2.92968750000000000000E-03
     151     1492     2.24609375000000000000E-02     7.81250000000000000000E-03
     152     1456     1.12304687500000000000E-02     3.90625000000000000000E-03
     153     1322     1.12304687500000000000E-02     3.90625000000000000000E-03
     154     1440     2.78320312500000000000E-02     9.76562500000000000000E-03
     155     1185     1.39160156250000000000E-02     4.88281250000000000000E-03
     156     2139     1.56250000000000000000E-02     1.56250000000000000000E-02
     157     2269     7.03125000000000000000E-02     1.56250000000000000000E-02
     158     1938     8.20312500000000000000E-02     1.56250000000000000000E-02
     159     2177     3.51562500000000000000E-02     7.81250000000000000000E-03
     160     1942     2.53906250000000000000E-02     7.81250000000000000000E-03
     161     1900     1.75781250000000000000E-02     3.90625000000000000000E-03
     162     1632     1.36718750000000000000E-02     6.83593750000000000000E-03
     163     1612     1.07421875000000000000E-02     3.90625000000000000000E-03
     164     1275     7.32421875000000000000E-03     1.95312500000000000000E-03
     165     1196     3.66210937500000000000E-03     9.76562500000000000000E-04
     166     1157     3.66210937500000000000E-03     9.76562500000000000000E-04
     167     1442     6.83593750000000000000E-03     3.41796875000000000000E-03
     168     1234     3.41796875000000000000E-03     1.70898437500000000000E-03
     169     1769     1.26953125000000000000E-02     3.90625000000000000000E-03
     170     1696     1.26953125000000000000E-02     3.90625000000000000000E-03
     171     1141     1.02539062500000000000E-02     9.27734375000000000000E-03
     172     1487     6.34765625000000000000E-03     1.95312500000000000000E-03
     173     1478     6.34765625000000000000E-03     1.95312500000000000000E-03
     174     1535     6.34765625000000000000E-03     1.95312500000000000000E-03
     175     1734     4.10156250000000000000E-02     7.81250000000000000000E-03
     176     1684     4.10156250000000000000E-02     7.81250000000000000000E-03
     177     1352     2.34375000000000000000E-02     6.34765625000000000000E-03
     178     1524     2.05078125000000000000E-02     3.90625000000000000000E-03
     179     1294     1.02539062500000000000E-02     1.95312500000000000000E-03
     180     1160     1.17187500000000000000E-02     3.17382812500000000000E-03
     181     1630     2.05078125000000000000E-02     3.90625000000000000000E-03
     182     1640     2.05078125000000000000E-02     3.90625000000000000000E-03
     183     1277     1.02539062500000000000E-02     1.95312500000000000000E-03
     184     1305     1.02539062500000000000E-02     1.95312500000000000000E-03
     185     2012     7.81250000000000000000E-03     7.81250000000000000000E-03
     186     1923     7.81250000000000000000E-03     7.81250000000000000000E-03
     187     1710     3.90625000000000000000E-03     3.90625000000000000000E-03
     188     1838     3.90625000000000000000E-03     3.90625000000000000000E-03
     189     1627     4.88281250000000000000E-03     1.95312500000000000000E-03
     190     1291     2.44140625000000000000E-03     9.76562500000000000000E-04
     191     1189     1.22070312500000000000E-03     4.88281250000000000000E-04
     192     1199     1.22070312500000000000E-03     4.88281250000000000000E-04
     193     1614     1.95312500000000000000E-03     1.95312500000000000000E-03
     194     1361     4.39453125000000000000E-03     1.95312500000000000000E-03
     195     1821     3.90625000000000000000E-03     3.90625000000000000000E-03
     196     1721     3.90625000000000000000E-03     3.90625000000000000000E-03
     197     1518     1.95312500000000000000E-03     1.95312500000000000000E-03
     198     1589     1.95312500000000000000E-03     1.95312500000000000000E-03
     199     1341     9.76562500000000000000E-04     9.76562500000000000000E-04
     200     1357     9.76562500000000000000E-04     9.76562500000000000000E-04
     201     1359     9.76562500000000000000E-04     9.76562500000000000000E-04
     202     1206     4.88281250000000000000E-04     4.88281250000000000000E-04
     203     1096     2.44140625000000000000E-04     2.44140625000000000000E-04
     204     1125     2.44140625000000000000E-04     2.44140625000000000000E-04
     205     1172     4.88281250000000000000E-04     4.88281250000000000000E-04
     206     1484     1.95312500000000000000E-03     1.95312500000000000000E-03
     207     1365     9.76562500000000000000E-04     9.76562500000000000000E-04
     208     1410     9.76562500000000000000E-04     9.76562500000000000000E-04
     211     2073     3.90625000000000000000E-02     3.90625000000000000000E-02
     213     2168     1.56250000000000000000E-02     7.81250000000000000000E-03
     217     1725     1.95312500000000000000E-03     1.95312500000000000000E-03
     218     1443     3.90625000000000000000E-03     4.39453125000000000000E-03
     219     1178     1.95312500000000000000E-03     2.19726562500000000000E-03
     220     1183     7.81250000000000000000E-03     2.19726562500000000000E-03
     221     1988     7.81250000000000000000E-03     3.90625000000000000000E-03
     222     1972     7.81250000000000000000E-03     3.90625000000000000000E-03
     223     1804     5.85937500000000000000E-03     7.81250000000000000000E-03
     224     1628     2.92968750000000000000E-03     3.90625000000000000000E-03
     225     1834     3.90625000000000000000E-03     1.95312500000000000000E-03
     226     1829     3.90625000000000000000E-03     1.95312500000000000000E-03
     227     1529     1.95312500000000000000E-03     9.76562500000000000000E-04
     228     1276     9.76562500000000000000E-04     4.88281250000000000000E-04
     229     1520     2.92968750000000000000E-03     3.90625000000000000000E-03
     230     1909     1.95312500000000000000E-02     1.95312500000000000000E-02
     231     1715     1.17187500000000000000E-02     9.76562500000000000000E-03
     232     1823     9.76562500000000000000E-03     9.76562500000000000000E-03
     233     1579     1.66015625000000000000E-02     4.88281250000000000000E-03
     234     1451     1.41601562500000000000E-02     2.44140625000000000000E-03
     235     1378     1.41601562500000000000E-02     2.44140625000000000000E-03
     236     1200     7.08007812500000000000E-03     1.22070312500000000000E-03
     237     1255     7.08007812500000000000E-03     1.22070312500000000000E-03
     238     1525     5.85937500000000000000E-03     4.88281250000000000000E-03
     239     1599     5.85937500000000000000E-03     6.83593750000000000000E-03
     240     1447     2.92968750000000000000E-03     2.44140625000000000000E-03
     242     2028     8.59375000000000000000E-02     1.56250000000000000000E-02
     243     2124     7.81250000000000000000E-03     1.56250000000000000000E-02
     244     2002     3.90625000000000000000E-03     7.81250000000000000000E-03
     245     1954     3.90625000000000000000E-03     7.81250000000000000000E-03
     246     1669     3.90625000000000000000E-03     5.85937500000000000000E-03
     247     1712     1.95312500000000000000E-03     3.90625000000000000000E-03
     248     1544     9.76562500000000000000E-04     1.95312500000000000000E-03
     249     1349     8.78906250000000000000E-03     3.90625000000000000000E-03
     250     1411     4.88281250000000000000E-04     9.76562500000000000000E-04
     251     1148     4.39453125000000000000E-03     1.95312500000000000000E-03
     252     1658     1.95312500000000000000E-03     2.92968750000000000000E-03
     253     1554     1.95312500000000000000E-03     2.92968750000000000000E-03
     254     1334     9.76562500000000000000E-04     1.46484375000000000000E-03
     255     1428     9.76562500000000000000E-04     1.46484375000000000000E-03
     256     1292     9.76562500000000000000E-04     1.46484375000000000000E-03
     257     1385     9.76562500000000000000E-04     1.46484375000000000000E-03
     258     1748     2.92968750000000000000E-02     2.34375000000000000000E-02
     259     1811     1.95312500000000000000E-03     3.90625000000000000000E-03
     260     1497     9.76562500000000000000E-04     1.95312500000000000000E-03
     261     1578     9.76562500000000000000E-04     1.95312500000000000000E-03
     262     1413     4.88281250000000000000E-04     9.76562500000000000000E-04
     263     1281     4.88281250000000000000E-04     9.76562500000000000000E-04
     264     1296     4.88281250000000000000E-04     9.76562500000000000000E-04
     265     1317     4.88281250000000000000E-04     9.76562500000000000000E-04
     266     1574     1.46484375000000000000E-02     1.17187500000000000000E-02
     267     1363     7.32421875000000000000E-03     5.85937500000000000000E-03
     268     1344     7.32421875000000000000E-03     5.85937500000000000000E-03
     269     1914     5.07812500000000000000E-02     7.81250000000000000000E-03
     270     1998     7.42187500000000000000E-02     7.81250000000000000000E-03
     271     1724     3.71093750000000000000E-02     3.90625000000000000000E-03
     272     1717     3.90625000000000000000E-02     5.85937500000000000000E-03
     273     1515     1.95312500000000000000E-02     2.92968750000000000000E-03
     274     1454     1.31835937500000000000E-02     2.44140625000000000000E-03
     275     1397     9.76562500000000000000E-03     2.44140625000000000000E-03
     276     1233     6.59179687500000000000E-03     1.22070312500000000000E-03
     277     1464     2.05078125000000000000E-02     3.90625000000000000000E-03
     278     1644     1.85546875000000000000E-02     1.95312500000000000000E-03
     279     1343     1.36718750000000000000E-02     9.76562500000000000000E-04
     280     1329     9.27734375000000000000E-03     9.76562500000000000000E-04
     281     1383     1.02539062500000000000E-02     1.95312500000000000000E-03
     282     1424     1.02539062500000000000E-02     1.95312500000000000000E-03
     283     1731     2.53906250000000000000E-02     3.90625000000000000000E-03
     284     1809     2.53906250000000000000E-02     3.90625000000000000000E-03
     285     1613     1.46484375000000000000E-02     5.85937500000000000000E-03
     286     1649     1.26953125000000000000E-02     1.95312500000000000000E-03
     287     1400     6.34765625000000000000E-03     9.76562500000000000000E-04
     288     1342     7.32421875000000000000E-03     2.92968750000000000000E-03
     289     1571     1.26953125000000000000E-02     1.95312500000000000000E-03
     290     1366     9.76562500000000000000E-03     1.95312500000000000000E-03
     291     1418     9.76562500000000000000E-03     1.95312500000000000000E-03
     292     1265     4.88281250000000000000E-03     9.76562500000000000000E-04
     293     1203     4.88281250000000000000E-03     9.76562500000000000000E-04
     294     1229     4.88281250000000000000E-03     9.76562500000000000000E-04
     295     1171     4.88281250000000000000E-03     9.76562500000000000000E-04
     296     2904     6.25000000000000000000E-02     6.25000000000000000000E-02
     298     2494     3.12500000000000000000E-02     6.25000000000000000000E-02
     304     1368     2.44140625000000000000E-03     4.88281250000000000000E-04
     305     1205     1.22070312500000000000E-03     2.44140625000000000000E-04
     306     1228     1.22070312500000000000E-03     2.44140625000000000000E-04
     307     2071     3.90625000000000000000E-02     7.81250000000000000000E-03
     309     1939     7.81250000000000000000E-03     3.90625000000000000000E-03
     311     1560     7.81250000000000000000E-03     1.95312500000000000000E-03
     313     1592     9.76562500000000000000E-04     9.76562500000000000000E-04
     315     1338     3.90625000000000000000E-03     9.76562500000000000000E-04
     316     1162     1.95312500000000000000E-03     4.88281250000000000000E-04
     317     1251     1.95312500000000000000E-03     4.88281250000000000000E-04
     318     1729     3.90625000000000000000E-03     1.95312500000000000000E-03
     319     1751     3.90625000000000000000E-03     1.95312500000000000000E-03
     320     1482     1.95312500000000000000E-03     3.90625000000000000000E-03
     321     1471     1.95312500000000000000E-03     9.76562500000000000000E-04
     322     1966     1.95312500000000000000E-02     3.90625000000000000000E-03
     323     1747     9.76562500000000000000E-03     1.95312500000000000000E-03
     324     1509     4.88281250000000000000E-03     9.76562500000000000000E-04
     325     1622     4.88281250000000000000E-03     9.76562500000000000000E-04
     326     2292     1.56250000000000000000E-02     4.68750000000000000000E-02
     327     2145     7.81250000000000000000E-03     2.34375000000000000000E-02
     328     2047     7.81250000000000000000E-03     2.34375000000000000000E-02
     329     2026     3.90625000000000000000E-03     1.75781250000000000000E-02
     330     1983     3.90625000000000000000E-03     1.17187500000000000000E-02
     331     1663     1.95312500000000000000E-03     5.85937500000000000000E-03
     332     1833     1.95312500000000000000E-03     5.85937500000000000000E-03
     333     1326     1.17187500000000000000E-02     1.17187500000000000000E-02
     334     1219     5.85937500000000000000E-03     5.85937500000000000000E-03
     335     1807     1.95312500000000000000E-03     8.78906250000000000000E-03
     336     1583     5.85937500000000000000E-03     1.07421875000000000000E-02
     337     1427     2.92968750000000000000E-03     5.37109375000000000000E-03
     338     1598     9.76562500000000000000E-04     4.39453125000000000000E-03
     339     1990     3.90625000000000000000E-03     1.17187500000000000000E-02
     340     1994     3.90625000000000000000E-03     1.17187500000000000000E-02
     341     1701     1.95312500000000000000E-03     5.85937500000000000000E-03
     342     1436     3.90625000000000000000E-03     5.37109375000000000000E-03
     343     2641     3.12500000000000000000E-02     3.12500000000000000000E-02
     344     2396     3.12500000000000000000E-02     3.12500000000000000000E-02
     345     2263     3.12500000000000000000E-02     1.56250000000000000000E-02
     346     2222     1.56250000000000000000E-02     1.56250000000000000000E-02
     347     2074     7.81250000000000000000E-03     1.56250000000000000000E-02
     348     2090     7.81250000000000000000E-03     7.81250000000000000000E-03
     349     1917     3.90625000000000000000E-03     3.90625000000000000000E-03
     350     1927     3.90625000000000000000E-03     7.81250000000000000000E-03
     351     1946     3.90625000000000000000E-03     7.81250000000000000000E-03
     352     1678     7.81250000000000000000E-03     3.90625000000000000000E-03
     353     1844     1.95312500000000000000E-03     3.90625000000000000000E-03
     354     1476     9.76562500000000000000E-04     1.95312500000000000000E-03
     355     1679     1.95312500000000000000E-03     3.90625000000000000000E-03
     356     1580     9.76562500000000000000E-04     1.95312500000000000000E-03
     357     1495     9.76562500000000000000E-04     1.95312500000000000000E-03
     358     1902     2.73437500000000000000E-02     7.81250000000000000000E-03
     359     2140     1.56250000000000000000E-02     7.81250000000000000000E-03
     360     1898     7.81250000000000000000E-03     3.90625000000000000000E-03
     361     1693     3.90625000000000000000E-03     1.95312500000000000000E-03
     362     1543     1.95312500000000000000E-03     1.95312500000000000000E-03
     363     1551     1.95312500000000000000E-03     9.76562500000000000000E-04
     364     1685     1.36718750000000000000E-02     3.90625000000000000000E-03
     365     1472     6.83593750000000000000E-03     1.95312500000000000000E-03
     366     1653     6.83593750000000000000E-03     1.95312500000000000000E-03
     367     1299     3.41796875000000000000E-03     9.76562500000000000000E-04
     368     1175     1.70898437500000000000E-03     4.88281250000000000000E-04
     378     1605     2.14843750000000000000E-02     1.75781250000000000000E-02
     380     1307     1.07421875000000000000E-02     8.78906250000000000000E-03
     381     1146     5.37109375000000000000E-03     4.39453125000000000000E-03
     382     1147     5.37109375000000000000E-03     4.39453125000000000000E-03
     403     1537     3.90625000000000000000E-03     1.17187500000000000000E-02
     404     1300     1.95312500000000000000E-03     6.83593750000000000000E-03
     405     1254     9.76562500000000000000E-04     3.41796875000000000000E-03
     406     1559     3.90625000000000000000E-03     3.90625000000000000000E-03
     407     1345     1.95312500000000000000E-03     1.95312500000000000000E-03
     408     1248     9.76562500000000000000E-04     9.76562500000000000000E-04
     409     1161     9.76562500000000000000E-04     9.76562500000000000000E-04
     414     2215     1.56250000000000000000E-02     1.56250000000000000000E-02
     422     2189     7.81250000000000000000E-03     7.81250000000000000000E-03
     423     1876     3.90625000000000000000E-03     3.90625000000000000000E-03
     424     1857     3.90625000000000000000E-03     3.90625000000000000000E-03
     425     1805     1.95312500000000000000E-03     1.95312500000000000000E-03
     426     1587     9.76562500000000000000E-04     9.76562500000000000000E-04
     427     1781     1.95312500000000000000E-03     1.95312500000000000000E-03
     428     1523     9.76562500000000000000E-04     9.76562500000000000000E-04
     429     1557     9.76562500000000000000E-04     9.76562500000000000000E-04
     430     2214     4.68750000000000000000E-02     1.56250000000000000000E-02
     431     2142     2.34375000000000000000E-02     7.81250000000000000000E-03
     432     1278     1.22070312500000000000E-02     3.90625000000000000000E-03
     433     1145     6.10351562500000000000E-03     1.95312500000000000000E-03
     434     1105     3.05175781250000000000E-03     9.76562500000000000000E-04
     435     1063     3.05175781250000000000E-03     9.76562500000000000000E-04
     438     2248     1.56250000000000000000E-02     1.56250000000000000000E-02
     452     1550     5.85937500000000000000E-03     4.88281250000000000000E-03
     456     1421     2.92968750000000000000E-03     3.41796875000000000000E-03
     460     2130     7.81250000000000000000E-03     7.81250000000000000000E-03
     461     1957     3.90625000000000000000E-03     3.90625000000000000000E-03
     462     1993     3.90625000000000000000E-03     3.90625000000000000000E-03
     463     1735     1.95312500000000000000E-03     1.95312500000000000000E-03
     464     1538     9.76562500000000000000E-04     9.76562500000000000000E-04
     465     1408     4.88281250000000000000E-04     4.39453125000000000000E-03
     466     1212     2.44140625000000000000E-04     2.19726562500000000000E-03
     467     1058     1.22070312500000000000E-04     1.09863281250000000000E-03
     468     1073     1.22070312500000000000E-04     1.09863281250000000000E-03
     469     1753     1.95312500000000000000E-03     1.95312500000000000000E-03
     470     1510     9.76562500000000000000E-04     9.76562500000000000000E-04
     471     1364     4.88281250000000000000E-04     4.88281250000000000000E-04
     493     1832     5.85937500000000000000E-03     3.90625000000000000000E-03
     497     1563     2.92968750000000000000E-03     1.95312500000000000000E-03
     498     1590     2.92968750000000000000E-03     1.95312500000000000000E-03
     499     1280     1.46484375000000000000E-03     9.76562500000000000000E-04
     500     1459     1.46484375000000000000E-03     9.76562500000000000000E-04
     501     1381     1.46484375000000000000E-03     9.76562500000000000000E-04
     512     2458     1.56250000000000000000E-02     6.25000000000000000000E-02
     513     2038     7.81250000000000000000E-03     3.12500000000000000000E-02
     514     1955     3.90625000000000000000E-03     1.56250000000000000000E-02
     515     1662     1.95312500000000000000E-03     7.81250000000000000000E-03
     516     1505     9.76562500000000000000E-04     3.90625000000000000000E-03
     517     1531     9.76562500000000000000E-04     3.90625000000000000000E-03
     520     1981     1.17187500000000000000E-02     1.17187500000000000000E-02
     521     1825     5.85937500000000000000E-03     5.85937500000000000000E-03
     522     1534     2.92968750000000000000E-03     2.92968750000000000000E-03
     523     1306     1.46484375000000000000E-03     1.46484375000000000000E-03
     524     1376     1.46484375000000000000E-03     1.46484375000000000000E-03
     525     1218     7.32421875000000000000E-04     7.32421875000000000000E-04
     526     1266     7.32421875000000000000E-04     7.32421875000000000000E-04
     527     1181     7.32421875000000000000E-04     7.32421875000000000000E-04
     532     2529     3.12500000000000000000E-02     3.12500000000000000000E-02
     533     2264     1.56250000000000000000E-02     1.56250000000000000000E-02
     534     2326     1.56250000000000000000E-02     1.56250000000000000000E-02
     535     2091     7.81250000000000000000E-03     7.81250000000000000000E-03
     536     2052     7.81250000000000000000E-03     7.81250000000000000000E-03
     537     2013     3.90625000000000000000E-03     3.90625000000000000000E-03
     538     1982     3.90625000000000000000E-03     3.90625000000000000000E-03
     539     1851     1.95312500000000000000E-03     1.95312500000000000000E-03
     540     1798     1.95312500000000000000E-03     1.95312500000000000000E-03
     541     1469     9.76562500000000000000E-04     9.76562500000000000000E-04
     542     1635     9.76562500000000000000E-04     9.76562500000000000000E-04
     543     1565     9.76562500000000000000E-04     9.76562500000000000000E-04
     544     1723     1.95312500000000000000E-03     1.95312500000000000000E-03
     545     1986     3.90625000000000000000E-03     3.90625000000000000000E-03
     546     1968     3.90625000000000000000E-03     3.90625000000000000000E-03
     547     1831     1.95312500000000000000E-03     1.95312500000000000000E-03
     548     1771     1.95312500000000000000E-03     1.95312500000000000000E-03
     549     1588     9.76562500000000000000E-04     9.76562500000000000000E-04
     550     1819     1.95312500000000000000E-03     1.95312500000000000000E-03
     551     2153     7.81250000000000000000E-03     7.81250000000000000000E-03
     552     1934     3.90625000000000000000E-03     3.90625000000000000000E-03
     553     1850     1.95312500000000000000E-03     1.95312500000000000000E-03
